54.706
83.888
44.084
40.186
40.363
97.934
61.459
85.922
70.569
50.226
76.269
35.166
85.458
10.149
10.327
63.467
53.962
76.095
62.689
20.103
76.591
31.631
33.313
43.865
55.545
27.109
68.802
35.525
83.343
40.314
51.184
13.481
44.635
35.682
65.419
28.318
1.13
75.06
43.309
53.944
39.652
51.494
72.806
76.79
40.659
49.55
20.164
47.124
54.834
51.417
50.024
8.845
89.444
80.989
41.586
41.859
76.081
63.148
63.821
12.75
61.644
57.845
45.507
66.069
54.669
43.109
81.119
33.029
28.979
77.039
36.641
57.804
34.46
58.633
23.635
39.309
82.282
54.723
75.568
61.406
48.53
40.118
51.818
51.479
27.902
18.502
81.552
58.662
1.616
68.874
41.872
48.353
5.33
50.47
81.431
65.723
27.906
59.716
45.81
39.023
37.522
40.195
90.411
45.622
23.417
83.787
71.183
83.755
40.065
36.482
14.539
72.411
58.625
93.673
0.799
27.238
45.147
49.039
86.289
65.698
69.523
50.351
74.689
80.129
30.288
42.818
35.569
13.58
47.28
43
27.55
81.911
26.678
15.033
38.22
57.734
43.262
47.02
70.772
59.837
48.306
61.386
33.231
57.439
63.282
94.612
37.75
32.092
29.798
2.79
45.942
16.658
54.661
65.005
26.598
40.14
37.529
42.282
88.862
38.008
28.218
47.477
61.836
28.052
3.584
11.009
84.373
48.379
27.403
41.268
52.525
25.662
62.442
0.47
53.687
65.713
52.696
5.295
58.95
46.885
90.1
54.006
79.744
63.546
36.094
35.627
85.797
70.587
67.332
53.518
78.398
37.967
12.896
43.47
51.843
12.694
51.441
51.183
84.053
14.567
90.477
72.434
80.936
30.625
17.643
76.34
60.123
87.319
83.703
38.284
32.892
26.626
80.149
71.516
57.843
76.692
45.826
10.718
97.418
1.151
51.08
37.085
33.945
77.014
48.9
47
47.346
65.998
71.657
20.02
31.522
20.532
55.394
29.698
59.005
95.513
17.693
79.898
58.191
84.398
16.584
11.155
79.229
65.579
71.214
95.992
56.133
12.767
93.898
48.149
66.02
93.077
60.952
80.01
1.244
36.649
76.784
81.137
43.633
55.942
30.62
95.033
83.635
78.312
16.662
88.886
71.224
96.293
74.634
59.257
88.545
52.468
48.899
83.293
53.049
46.113
51.424
51.249
18.727
54.994
51.773
53.742
84.848
51.524
39.516
31.078
81.353
11.367
76.047
91.417
98.723
83.207
5.862
45.022
40.643
14.354
46.884
58.414
44.818
70.673
49.195
67.68
41.029
71.181
59.762
35.632
56.807
54.694
33.862
72.246
54.734
91.788
3.025
12.778
64.03
58.018
31.92
13.433
27.326
91.62
37.164
10.696
42.902
64.945
41.606
86.018
27.43
62.397
48.896
97.895
69.652
73.548
32.601
67.791
83.694
60.901
27.643
48.761
28.061
45.644
10.341
45.455
57.727
15.808
25.632
62.325
70.844
32.956
97.262
52.374
21.024
1.806
76.266
71.081
96.289
4.273
65.653
17.184
38.911
52.647
12.114
73.634
82.334
41.915
24.552
52.171
54.439
51.748
9.733
64.414
48.424
91.712
76.48
63.109
17.254
71.002
75.773
11.98
13.063
61.19
34.854
58.475
41.914
45.341
16.623
72.302
49.946
41.765
43.864
51.273
48.733
71.301
69.644
71.487
42.52
17.626
48.614
41.937
52.52
37.407
71.469
41.369
38.775
17.412
14.455
65.348
91.116
51.083
2.344
19.641
42.621
1.596
5.796
38.106
75.418
84.541
30.574
96.291
55.911
8.443
50.419
88.335
80.69
50.18
94.787
74.413
61.482
45.858
98.645
66.167
43.876
50.577
48.163
46.343
38.498
23.15
54.03
41.137
88.199
45.474
83.564
93.493
54.143
89.322
52.597
8.579
69.683
50.181
59.899
25.564
22.631
15.049
13.29
58.738
90.225
34.314
63.06
25.458
4.514
77.472
31.952
14.915
47.109
75.367
75.311
19.506
59.476
45.197
59.276
3.028
58.186
59.693
55.533
57.574
92.301
16.102
15.763
58.692
42.022
91.888
21.983
83.656
63.239
41.884
56.733
63.915
64.273
52.002
91.779
59.496
42.822
1.856
23.912
28.32
44.281
43.305
77.814
39.421
29.78
19.266  
