32.126
26.572
97.879
96.566
85.044
39.704
51.417
48.542
55.143
32.242
96.598
62.609
49.296
20.567
72.735
9.463
53.235
35.782
59.532
47.103
35.86
39.616
43.807
0.601
81.028
26.988
47.222
52.244
72.83
22.074
43.168
39.929
28.639
9.842
49.537
94.205
83.34
26.041
71.419
7.275
67.33
36.143
19.894
16.827
91.887
86.956
9.904
63.471
40.786
78.624
23.308
74.362
25.222
45.635
33.508
31.929
18.744
50.713
68.628
46.668
42.99
57.365
7.754
88.822
34.458
88.139
44.586
75.805
43.624
13.848
10.914
62.751
41.385
52.114
60.427
52.199
59.2
83.307
77.637
70.593
40.718
68.349
39.625
52.443
13.365
96.322
8.049
94.914
66.505
3.049
10.338
73.362
6.034
92.027
83.672
94.818
33.356
22.493
30.42
73.782
50.906
69.567
37.759
52.625
50.245
84.147
31.388
35.658
49.573
7.508
21.008
54.024
10.667
52.116
53.974
86.066
26.824
59.957
43.813
56.029
14.899
43.457
53.46
25.514
64.666
46.395
61.595
17.414
67.639
54.302
46.352
73.147
43.894
40.196
24.331
48.654
42.59
8.602
24.207
18.145
82.897
19.631
54.437
72.301
15.102
26.901
72.371
36.18
70.069
16.6
63.849
76.627
32.984
2.349
32.186
61.878
53.446
82.089
72.37
61.925
96.365
4.441
55.336
31.987
36.167
16.285
58.631
43.872
70.889
9.9
33.014
82.979
11.903
18.846
69.849
62.283
51.253
49.491
57.938
98.175
54.136
53.323
11.566
50.243
36.168
54.771
13.571
10.987
60.094
74.386
45.274
39.804
17.795
39.598
55.136
74.496
97.056
34.802
39.276
94.81
49.724
76.333
52.629
45.498
48.843
6.862
81.2
39.579
43.622
30.855
48.497
11.363
50.941
51.54
38.836
86.9
1.082
64.435
38.968
58.596
45.022
50.07
34.082
53.006
72.125
1.031
44.174
80.354
56.833
45.246
2.162
62.991
29.267
26.447
53.859
36.48
26.069
28.165
56.671
57.561
54.75
23.864
67.543
33.689
41.1
49.865
70.567
65.21
19.877
65.941
39.285
30.007
57.18
3.862
81.417
58.468
41.89
44.4
54.773
58.247
2.446
63.075
49.91
64.28
78.565
51.788
41.902
38.642
65.979
78.858
18.764
32.493
24.92
39.504
35.346
37.97
5.475
19.665
64.562
38.547
4.777
49.791
44.766
13.328
93.554
47.632
34.966
71.873
64.038
88.859
90.25
59.746
67.821
76.499
62.906
63.35
45.303
26.591
42.534
77.839
51.321
77.554
71.365
47.738
15.729
84.698
44.373
38.578
33.513
44.893
53.4
81.45
29.324
84.907
94.122
27.742
38.129
70.11
60.903
89.156
7.202
35.334
60.762
54.321
76.013
62.836
53.198
45.409
48.738
92.075
45.839
98.429
79.012
38.458
92.076
29.274
30.826
74.203
73.54
72.684
55.318
54.467
17.738
26.173
2.758
81.873
71.319
13.878
6.848
50.228
26.431
42.747
47.798
78.35
40.577
84.176
42.789
5.767
51.184
48.091
50.212
53.258
82.299
47.994
6.674
47.371
34.745
75.436
85.669
46.646
58.928
52.049
61.457
52.972
89.982
57.217
46.042
34.233
96.136
15.793
26.756
73.021
54.608
46.141
89.382
23.637
91.46
46.138
65.646
43.599
9.15
11.083
25.842
57.717
85.549
42.957
41.556
27.259
48.503
44.503
72.434
68.404
83.24
38.402
54.022
67.968
31.779
60.65
29.892
84.344
80.601
78.107
26.767
42.675
66.11
39.067
16.473
53.837
24.695
84.084
78.189
71.144
83.829
76.978
37.753
41.458
51.575
29.243
40.05
55.69
45.176
49.671
58.267
13.907
29.042
56.873
54.731
31.061
64.924
35.326
24.43
39.087
39.78
15.886
41.687
30.585
24.344
73.971
50.535
44.069
32.649
39.448
93.875
45.395
52.605
41.082
1.66
54.952
15.116
6.563
55.146
39.269
68.484
51.327
52.718
42.901
27.119
41.326
64.751
49.593
87.475
7.592
40.088
54.685
54.093
84.561
83.028
49.421
36.02
42.394
72.63
40.965
92.636
50.09
37.338
79.259
26.726
91.661
7.981
44.086
37.865
31.737
97.271
56.25
39.902
6.804
29.804
73.184
58.34
85.47
31.577
44.401
50.376
43.15
47.858
66.791
8.622
51.699
66.721
40.541
8.252
13.403
7.183
4.532
55.085
71.272
53.237
27.383
49.511
94.856
35.766
71.519
27.363
82.668
16.536
26.823
58.938
77.512
38.251
43.172
13.487
37.448
43.727
83.402
44.858
53.937
16.651
50.716
25.175
46.16
53.325
29.765
51.656
71.043
66.581
97.939
2.955
56.178
12.856
8.268
87.737
56.893
35.406
28.881
54.129
66.485
58.005
11.617
44.762
47.611
45.399
9.215
11.222
52.442
64.225
13.341
12.011
38.593
90.435
45.283
13.5
80.429
60.974
97.667
12.355
93.13
71.079
49.211
38.764
69.003
69.587
3.36
56.093
57.984
85.009
90.456
73.509
59.198
63.968
71.259
49.424
49.035
40.493
24.815
54.637
18.045
39.12
52.339
51.857
61.937
33.481
15.654
50.889
88.656
39.217
52.128
37.07
35.389
2.731
44.996
16.589
71.476
23.559
31.095
62.821
36.99
34.838
51.896
50.093
33.606
3.444
10.052
49.309
51.328
41.256
26.291
19.978
78.794
47.622
68.974
47.641
67.871
14.897
45.39
36.773
28.364
47.618
16.824
44.257
67.47
18.596
64.82
75.403
5.559
41.518
78.016
48.049
19.584
78.351
87.442
83.4
16.011
77.61
49.778
88.474
26.811
49.692
72.744
78.707
44.837
76.566
32.441
79.787
61.552
35.477
47.032
36.197
74.19
37.069
29.595
28.728
44.6
65.237
44.217
42.425
82.973
92.267
30.034
60.167
89.002
51.647
2.214
29.573
58.502
61.882
2.028
0.08
28.467
31.213
32.993
80.861
58.239
48.889
41.557
35.975
98.209
46.173
0.21
62.516
86.194
60.539
42.492
73.197
48.241
34.157
42.436
61.083
14.871
50.124
63.835
50.005
17.831
53.951
49.3
25.541
68.008
15.531
76.427
51.093
16.546
84.059
49.062
45.013
89.215
54.251
2.169
89.596
81.476
56.419
70.815
49.096
73.115
73.704
47.263
10.015
55.017
15.563
32.972
61.269
38.165
0.509
89.894
26.256
50.081
87.416
55.392
20.658
96.974
84.289
32.066
79.562
11.753
31.63
69.801
21.642
61.225
49.01
85.132
79.216
28.3
11.612
48.895
83.854
24.369
83.528
39.485
50.248
55.057
90.027
56.977
51.635
6.364
53.337
62.461
47.421
12.97
64.622
75.026
43.335
47.188
19.247
83.91
13.536
45.9
58.488
59.469
27.069
89.292
35.9
44.739
55.453
96.742
93.715
94.778
44.384
31.413
19.833
58.838
98.476
54.53
55.821
39.474
32.42
76.649
64.442
64.05
54.109
15.788
82.909
50.215
95.594
93.412
55.536
36.398
54.196
68.152
19.684
70.169
71.304
38.735
46.062
51.537
63.482
38.928
43.906
63.9
91.795
50.675
96.02
47.126
55.878
55.499
55.623
97.112
30.212
55.156
1.281
43.809
30.021
50.681
29.516
60.534
53.955
14.927
0.447
5.814
53.072
74.367
55.378
44.495
81.189
96.018
63.955
97.546
57.697
43.1
91.431
48.249
55.38
47.651
42.816
77.822
24.46
13.402
45.052
75.608
21.542
60.2
41.983
15.582
88.868
30.381
44.363
42.907
69.856
54.991
41.034
76.048
40.281
37.877
24.833
71.571
16.177
35.462
93.893
59.336
73.561
81.663
72.534
35.555
1.627
49.886
10.055
65.214
87.627
92.494
46.179
14.577
22.392
35.585
9.424
31.19
90.593
80.756
40.503
0.809
66.894
61.62
55.378
52.573
88.81
48.922
91.118
55.649
44.711
34.774
34.353
40.798
44.551
36.134
44.905
6.225
66.827
59.493
33.765
7.786
87.397
24.706
98.843
77.491
26.082
53.185
37.367
76.686
42.5
34.987
50.159
64.046
79.337
11.836
40.692
55.274
56.636
35.481
73.185
52.027
51.045
31.611
51.299
47.081
37.58
8.188
24.094
1.291
37.16
85.961
31.206
63.338
46.182
94.028
83.265
19.907
26.935
13.268
67.33
48.57
63.602
47.388
39.307
16.152
52.121
79.699
11.612
48.369
45.747
48.333
11.673
74.77
42.959
65.545
62.748
53.804
84.31
38.576
39.6
37.92
49.284
74.378
33.496
31.363
59.492
72.535
25.196
60.219
81.135
44.783
32.302
11.254
89.143
66.746
59.643
71.592
37.967
23.16
27.033
71.565
73.578
27.402
27.102
33.19
39.187
12.416
35.744
41.716
60.002
34.649
44.539
76.709
53.223
88.238
26.345
54.309
44.087
85.929
67.453
3.197
59.069
55.222
80.233
52.18
40.441
92.468
21.997
51.368
77.035
54.498
34.755
62.628
34.54
82.004
19.805
31.011
36.967
42.219
49.43
26.705
27.437
46.666
16.708
18.37
49.014
21.799
15.558
51.382
28.216
53.675
87.407
66.291
62.531
10.33
11.767
24.728
57.1
67.708
37.647
94.108
47.555
22.241
9.442
69.95
79.106
56.605
5.38
48.946
49.209
63.887
54.182
65.209
76.696
49.619
40.126
63.667
94.031
36.552
39.562
16.463
53.436
32.741
42.222
31.241
29.96
91.412
53.981
53.886
18.121
82.297
38.149
28.725
58.024
0.304
27.378
65.119
43.376
36.036
14.146
47.91
97.269
52.506
51.311
2.477
10.882
6.757
70.797
57.023
22.447
2.265
15.107
53.159
60.208
54.134
42.889
96.832
6.163
46.558
2.045
37.698
90.388
49.181
49.914
77.511
49.466
14.844
85.003
68.258
41.294
0.709
39.515
19.117
37.425
24.641
74.027
72.557
48.323
27.521
44.935
45.253
40.122
61.233
33.169
69.861
84.371
82.29
40.567
65.818
70.999
71.065
37.493
58.539
69.098
28.453
18.49
12.847
97.705
26.271
46.633
46.363
71.987
83.665
37.932
22.228
30.16
72.431
49.637
60.685
48.528
96.33
38.61
63.129
52.465
62.909
89.288
69.867
47.186
86.099
54.957
87.966
21.336
70.979
83.313
2.003
82.812
78.356
73.681
63.884
41.941
28.622
55.723
51.331
23.861
10.375
71.007
42.849
38.005
36.399
33.571
35.035
87.454
72.463
82.881
94.517
5.299
97.55
17.517
25.379
50.811
32.164
12.98
69.447
57.411
71.781
72.541
24.757
63.034
29.804
62.93
92.175
48.445
25.419
88.508
38.573
17.057
60.827
15.965
21.978
61.856
33.996
22.222
77.228
47.442
33.287
49.403
70.502
16.612
60.193
23.501
50.702
56.033
43.885
51.401
47.752
51.242
72.987
18.046
55.399
10.531
51.158
44.662
30.638
22.966
60.66
43.001
11.658
6.174
37.361
55.753
35.696
25.819
12.618
43.306
72.116
55.152
70
80.694
59.706
42.501
56.505
88.431
30.293
64.255
53.36
90.634
19.988
41.96
48.231
33.546
54.043
19.469
27.008
78.605
28.8
98.207
45.8
59.44
62.976
15.875
7.898
81.885
42.283
42.465
59.213
19.395
29.766
60.861
27.569
52.966
53.979
53.822
72.732
41.758
9.444
50.646
54.072
32.579
44.97
89.298
51.032
87.315
41.56
9.6
37.399
1.012
78.518
12.803
37.812
95.962
60.482
74.66
49.6
14.553
39.382
12.132
93.179
53.971
87.682
36.906
57.299
77.743
33.763
32.415
17.066
73.089
71.3
13.014
87.562
19.54
44.938
56.572
46.084
44.912
36.203
40.43
19.586
74.883
57.684
12.486
31.018
59.727
53.034
73.905
42.726
41.405
91.188
11.492
26.614
15.933
6.084
32.392
38.982
78.164
81.156
66.023
50.385
51.287
11.931
46.951
1.011
88.189
37.647
39.342
40.806
33.585
52.249
40.571
56.258
92.472
83.799
34.815
18.441
20.06
16.405
16.269
62.616
27.876
61.653
59.374
97.621
29.352
64.232
64.765
47.036
75.626
31.193
56.89
58.282
42.276
65.468
67.848
63.465
86.453
20.517
4.459
20.718
36.586
63.421
66.593
25.917
11.434
90.29
15.899
45.732
77.547
32.934
18.106
61.12
33.687
42.547
44.599
92.356
40.335
66.521
50.438
65.84
69.461
47.129
41.444
65.946
72.739
78.891
14.74
58.957
22.058
72.112
20.318
18.397
62.955
31.223
18.557
85.2
85.69
59.269
47.218
96.233
1.986
78.986
84.404
4.533
40.318
59.064
53.248
86.853
89.064
49.613
96.11
46.917
72.045
51.893
40.483
85.681
33.21
52.732
48.788
39.082
70.925
32.058
67.055
55.896
42.231
35.244
58.721
7.038
29.898
26.381
28.42
54.704
38.763
51.2
82.1
18.037
33.152
61.764
40.929
29.78
86.457
65.355
51.118
61.788
82.657
50.539
62.388
50.697
69.627
78.407
3.097
43.217
49.557
24.93
25.276
86.392
25.473
27.194
69.362
42.204
30.387
50.785
45.492
23.387
62.661
87.665
3.548
6.338
12.105
40.868
74.812
44.176
55.802
66.358
53.494
52.068
31.396
25.26
68.683
9.077
36.747
46.007
78.943
12.444
95.702
61.755
63.428
14.558
61.548
60.922
12.389
12.977
86.02
72.829
90.776
70.936
39.32
75.01
5.762
58.684
29.213
70.08
78.628
14.067
18.551
54.813
13.693
34.747
56.44
55.326
14.231
39.975
59.073
81.828
49.905
70.733
42.356
63.004
87.412
67.076
41.377
81.501
3.013
51.323
43.265
46.936
38.225
31.374
44.462
1.387
27.443
56.843
86.111
29.137
36.569
52.975
12.403
59.047
42.103
24.196
49.578
67.662
52.273
22.191
60.699
47.137
50.581
20.742
27.335
59.942
14.147
65.805
47.083
62.309
74.405
66.843
52.328
88.026
51.685
45.27
1.482
29.446
72.022
49.287
53.993
55.222
34.797
47.197
1.126
58.013
14.614
52.203
7.51
17.772
38.298
13.992
90.239
41.924
44.768
72.101
35.171
65.315
40.086
84.006
30.234
87.536
77.007
82.369
24.112
67.554
55.008
7.073
80.404
56.013
53.997
83.825
60.074
34.277
17.891
29.544
63.537
50.211
6.196
71.317
28.883
4.147
82.834
14.523
53.625
65.139
89.522
44.096
18.084
32.954
5.461
74.38
81.292
40.915
50.531
28.676
13.191
48.71
24.759
26.047
35.059
18.828
51.283
68.891
41.179
17.093
44.27
94.135
62.047
48.044
54.299
36.312
54.323
66.879
64.845
39.824
96.354
17.089
47.324
47.223
57.358
54.486
80.423
48.282
14.316
56.311
34.372
30.772
26.311
22.453
87.703
61.895
49.373
35.695
36.014
17.618
64.955
66.137
26.492
59.226
40.8
25.516
28.226
90.157
20.868
34.297
72.168
49.631
37.412
49.177
33.63
53.945
64.848
81.226
38.368
21.242
92.947
11.598
62.862
50.842
50.369
48.331
70.533
2.881
38.039
12.816
50.975
71.576
38.212
62.838
95.338
39.444
48.188
40.968
33.817
2.924
34.391
70.244
25.488
48.563
62.957
19.683
40.68
58.218
37.443
10.296
57.339
53.145
62.87
79.655
47.098
2.307
44.542
13.755
78.209
61.484
34.697
59.389
49.763
27.373
53.503
70.346
84.389
59.832
12.343
44.137
42.213
72.439
34.115
45.599
96.243
25.988
54.707
9.791
39.714
92.285
20.215
72.911
13.33
14.019
30.917
27.233
4.164
39.7
59.91
21.434
3.557
49.82
14.739
58.042
98.895
72.754
34.443
74.936
25.926
22.271
41.771
58.542
34.378
70.244
16.136
32.833
70.985
40.606
94.271
81.37
23.739
15.282
29.443
83.268
39.623
31.358
10.541
84.899
76.528
53.756
38.082
93.686
39.841
64.857
6.636
43.034
61.071
27.44
58.564
45.611
6.276
23.661
51.802
83.817
29.756
15.097
26.743
76.203
43.511
13.45
28.385
24.086
38.583
16.033
32.208
91.948
88.562
33.326
88.452
66.867
12.078
10.58
10.471
55.88
60.525
55.941
94.821
32.765
29.576
95.365
54.315
94.237
71.184
49.092
52.708
21.673
75.915
41.582
60.942
43.316
41.183
47.288
42.192
30.274
42.796
39.631
62.297
40.489
55.352
86.151
73.91
33.674
68.036
79.637
50.889
93.986
32.559
85.536
54.404
33.532
64.311
83.695
26.287
43.724
31.987
79.363
49.862
56.152
44.407
75.587
3.141
4.324
52.877
50.558
59.878
7.607
24.693
32.697
28.355
80.364
52.86
76.475
49.603
45.84
64.79
53.857
97.424
47.398
45.89
11.809
52.277
91.615
18.332
28.357
33.004
41.765
90.855
1.128
89.722
49.942
44.682
85.395
36.629
87.291
57.536
12.727
82.658
34.144
54.51
29.715
55.148
75.751
74.393
25.95
50.298
76.006
27.453
21.314
28.651
37.881
55.318
55.197
4.352
69.414
53.075
10.912
74.342
45.165
0.24
44.688
39.956
86.377
93.499
21.62
92.833
96.113
34.914
25.802
27.513
80.945
26.894
39.993
63.462
51.752
67.529
37.049
8.027
20.093
86.235
58.97
35.011
94.204
58.437
46.109
22.512
48.558
47.811
32.704
15.448
51.756
29.884
61.553
47.101
63.1
98.277
65.657
69.876
87.779
69.353
68.642
83.12
27.282
62.288
29.902
31.975
5.752
44.766
66.841
1.207
36.259
52.072
98.199
65.921
53.706
51.548
36.382
67.079
64.405
69.301
27.937
23.15
46.56
87.506
21.017
67.952
52.493
96.037
51.718
29.891
73.129
4.179
43.467
56.545
68.952
40.763
31.736
22.649
97.286
92.293
41.117
98.879
28.23
77.165
62.848
4.44
66.3
35.728
47.559
48.574
35.435
41.794
59.667
93.43
48.939
25.237
57.4
84.724
40.867
28.709
90.482
61.158
37.062
43.39
53.621
78.73
63.926
41.033
51.401
5.507
44.281
30.069
95.898
38.873
37.156
78.596
75.618
55.457
31.335
74.542
30.663
60.212
33.599
64.779
56.117
38.145
50.079
56.756
83.254
46.466
64.606
93.296
63.909
11.529
73.696
78.943
42.424
88.766
60.186
14.397
30.588
87.76
5.716
67.887
31.607
5.102
66.447
20.138
42.977
15.1
60.048
73.212
32.105
1.303
98.976
33.179
19.205
11.941
22.205
79.825
64.148
43.568
53.482
93.36
55.448
42.301
88.533
14.061
37.802
4.796
36.614
40.68
2.327
58.789
90.505
51.778
78.225
57.802
52.254
39.036
49.166
74.46
1.402
45.888
69.385
89.867
24.438
41.776
44.518
0.525
10.068
98.776
66.294
53.772
95.006
44.444
46.071
28.713
51.017
46.198
97.06
23.949
77.769
34.347
72.722
21.53
2.443
70.281
46.686
65.44
12.051
50.492
48.905
54.564
85.461
70.458
94.804
21.389
70.266
3.137
35.344
32.357
62.644
48.415
63.285
45.954
52.353
43.321
50.378
47.424
59.549
78.017
65.039
59.32
77.015
28.508
2.739
31.888
29.317
15.059
41.976
46.023
70.596
1.12
98.373
81.108
29.177
55.292
56.633
41.989
8.889
76.841
12.41
79.282
55.651
97.467
61.014
40.395
19.661
35.259
39.96
76.079
81.989
73.757
90.581
96.16
88.382
58.635
57.278
21.303
62.036
55.066
47.931
8.964
61.44
53.315
47.639
45.116
44.58
41.455
62.039
32.868
52.837
49.172
41.062
48.519
77.188
38.468
47.051
64.698
2.078
2.5
2.578
29.614
78.821
48.901
48.018
62.648
53.571
38.948
90.415
50.6
11.523
9.604
40.903
71.984
31.596
16.021
35.873
45.684
12.03
63.806
18.155
40.636
77.358
35.497
53.206
18.696
53.6
78.721
72.625
14.247
59.639
46.074
95.301
15.819
65.211
73.073
95.281
47.767
58.345
24.6
74.674
17.595
32.766
13.755
57.362
51.882
36.149
79.104
23.34
43.666
50.347
54.974
38.666
3.211
53.515
47.86
24.267
71.045
31.932
57.146
1.042
74.551
87.15
0.981
48.776
51.368
55.891
7.687
30.536
48.619
1.446
93.541
46.078
70.937
3.896
54.777
46.728
17.518
79.515
79.674
10.019
47.166
63.438
87.688
34.204
60.699
31.034
37.106
72.656
24.254
74.23
24.907
61.788
81.194
13.849
57.226
45.812
24.001
30.408
43.128
51.577
19.989
76.531
3.924
49.84
9.391
37.615
36.679
47.164
55.871
48.444
32.113
51.858
11.026
20.339
58.211
30.763
42.883
53.585
56.953
40.785
57.906
50.07
3.433
60.669
70.48
41.403
43.526
48.084
54.681
48.413
25.39
49.2
85.255
81.567
12.633
92.561
56.327
95.443
51.994
31.109
23.296
54.09
44.731
77.773
71.904
78.462
40.797
77.949
56.32
85.953
46.638
83.868
78.364
16.699
18.352
92.658
0.168
42.909
96.167
46.596
40.048
67.083
48.779
43.171
15.351
22.165
94.684
50.926
57.92
44.199
36.918
43.1
66.483
38.626
65.019
92.367
31.302
50.356
34.754
84.791
34.211
79.949
57.834
62.569
31.358
43.596
33.801
46.166
45.049
33.715
83.037
92.075
37.289
16.144
42.451
56.629
21.741
66.595
51.555
37.626
36.46
45.111
31.21
40.816
32.532
46.37
30.435
2.337
57.828
61.713
59.242
30.533
47.027
34.587
85.883
48.123
49.594
64.819
9.813
75.491
64.914
94.274
96.198
17.784
81.235
53.994
96.349
63.968
20.337
11.01
47.437
53.921
73.278
25.577
2.05
23.688
8.793
61.996
60.376
47.605
28.148
10.944
38.5
94.705
48.349
92.876
57.121
48.97
27.253
40.076
4.626
53.508
65.265
68.66
36.974
47.463
13.088
63.756
52.154
29.299
53.639
46.536
50.807
64.639
19.166
26.613
49.409
36.57
50.554
27.915
51.516
57.067
45.462
45.113
67.148
58.272
39.381
13.585
72.806
63.112
45.999
64.464
45.856
54.049
47.548
92.264
46.875
52.923
65.513
43.238
38.938
84.404
59.557
24.633
35.262
60.137
50.012
53.956
94.305
95.113
62.976
44.52
6.052
22.913
59.82
69.472
6.408
46.625
22.851
52.66
65.551
40.397
95.716
27.813
49.929
35.834
34.882
43.472
81.658
83.233
45.807
93.618
31.987
31.857
61.318
45.432
50.902
49.97
42.06
47.439
37.537
73.457
78.95
39.792
54.163
24.68
26.495
5.734
89.225
59.95
93.595
15.079
55.599
81.852
68.139
56.988
83.982
69.03
51.086
70.091
68.173
36.644
69.014
56.065
8.141
8.911
40.301
47.444
25.914
24.755
59.459
88.946
58.237
3.384
41.068
46.97
55.581
40.605
24.498
84.883
62.852
60.281
5.508
18.241
87.611
61.447
51.408
63.375
84.856
27.967
19.389
72.142
98.36
46.602
11.265
42.545
72.89
72.797
21.736
51.422
52.027
54.966
43.848
40.425
19.15
13.558
43.335
22.253
50.178
63.124
53.405
67.797
32.926
24.953
29.677
58.449
89.605
43.052
9.037
45.214
43.471
43.82
65.774
79.956
41.93
50.467
16.107
20.454
47.264
3.191
64.668
48.814
33.683
49.871
60.952
84.514
66.559
22.066
39.615
17.15
70.774
58.341
47.384
50.489
57.153
75.517
51.585
87.504
20.433
63.824
64.948
60.176
41.525
18.128
47.714
65.988
65.826
74.94
24.836
11.512
77.726
55.002
45.153
21.008
83.701
59.053
53.805
67.635
0.441
57.932
65.632
11.611
42.9
10.163
58.434
69.914
46.606
94.767
60.554
38.652
46.806
78.058
39.417
89.864
81.056
3.487
93.26
49.395
50.951
32.611
57.087
82.777
22.678
45.778
87.844
17.611
55.177
54.508
87.112
27.396
43.886
64.234
95.674
49.611
71.089
45.874
70.845
26.813
54.647
86.587
43.934
44.481
71.267
60.662
40.968
51.988
81.57
14.007
28.096
55.623
5.024
87.731
94.107
96.148
37.963
21.613
26.306
30.323
79.31
46.725
85.475
15.177
21.899
66.507
20.444
14.66
58.768
24.775
74.829
38.524
90.149
18.122
29.037
7.476
10.02
44.843
46.669
92.942
91.33
48.015
94.912
58.543
23.168
60.435
15.872
76.341
34.473
43.465
61.64
28.26
63.217
75.765
10.538
41.195
27.597
24.783
47.809
56.521
57.054
35.511
70.992
42.327
38.436
70.115
88.844
70.483
70.161
71.047
67.715
13.95
41.495
76.176
45.837
85.718
33.775
4.158
67.373
28.644
48.722
47.963
1.068
42.984
57.106
86.751
51.621
50.552
18.343
45.894
82.876
69.977
1.607
98.501
64.098
26.293
52.262
44.005
49.236
31.622
50.426
33.955
69.235
44.188
97.447
84.88
66.095
68.543
62.297
36.328
71.178
69.996
51.721
27.491
43.364
48.116
90.618
20.354
56.774
28.891
48.154
53.502
66.58
35.332
58.769
7.593
28.106
23.375
38.21
42.863
38.649
12.739
75.024
34.598
28.452
18.3
52.783
56.123
82.116
32.645
32.295
28.429
39.331
63.743
56.428
83.846
33.058
45.522
80.584
46.4
36.37
8.393
22.847
80.467
61.321
51.217
52.422
31.234
47.434
87.257
51.986
96.904
57.065
51.799
1.447
45.026
26.99
49.756
43.921
72.805
44.867
34.473
53.167
66.158
59.503
78.386
50.548
31.543
45.125
73.295
95.241
85.063
82.622
96.728
32.468
46.852
59.925
41.07
59.43
31.275
94.224
61.767
34.873
60.17
13.136
63.874
72.81
59.911
46.377
46.338
45.749
69.307
29.978
72.009
44.997
84.461
43.952
90.423
53.186
51.703
71.989
9.417
34.204
12.249
93.449
50.929
18.739
82.148
54.904
46.863
39.797
63.003
42.942
24.772
69.55
5.461
12.309
50.354
56.049
49.453
53.818
39.984
56.285
25.645
95.096
87.265
86.589
95.229
66.138
27.654
37.154
1.41
14.814
68.244
69.205
52.646
41.656
30.599
64.676
57.914
45.191
34.611
36.941
43.383
62.629
50.154
57.393
66.282
60.652
39.064
51.331
44.697
28.142
33.935
66.987
78.12
42.471
54.018
60.362
43.803
65.494
56.025
97.087
55.908
36.859
94.633
59.675
20.033
76.898
95.993
50.093
23.773
27.948
40.041
62.775
37.822
11.373
42.476
89.322
69.809
59.084
35.364
84.108
25.486
63.733
14.817
80.177
55.714
78.868
57.795
13.557
47.312
53.902
69.639
47.677
2.087
35.089
61.72
65.692
20.59
70.751
66.399
49.887
19.578
1.856
39.943
79.536
22.395
13.714
93.27
55.784
24.448
42.576
38.829
73.148
60.009
35.262
32.506
11.04
18.45
75.509
60.766
50.515
54.49
32.924
30.022
92.242
61.744
18.232
69.516
55.562
16.437
54.955
77.509
71.4
45.668
83.304
37.158
68.257
22.526
28.135
35.163
24.795
57.622
48.923
26.173
49.689
90.583
81.893
53.64
54.141
44.363
48.544
74.976
53.749
58.428
62.676
37.55
80.465
18.794
23.036
29.323
3.46
43.136
46.874
51.494
21.908
88.518
36.888
59.232
67.906
33.348
22.353
10.001
52.364
80.916
90.378
59.339
51.395
98.382
37.15
27.551
87.376
21.221
42.935
70.086
88.439
69.368
96.642
53.915
37.11
5.61
93.206
70.628
84.192
45.239
50.714
27.964
46.715
81.475
67.963
52.723
80.256
52.641
47.46
57.791
66.272
81.101
49.724
46.497
62.209
84.936
84.398
67.502
53.642
33.457
17.153
52.392
48.425
61.462
59.487
49.6
89.142
97.804
55.857
47.365
55.671
45.316
77.652
10.286
44.614
24.219
97.141
41.182
75.451
64.2
64.681
41.215
86.482
57.023
18.144
51.377
11.401
54.25
42.622
58.839
54.371
18.208
51.751
28.081
32.981
38.903
92.617
27.424
65.809
34.352
79.625
59.768
44.022
74.204
89.132
59.89
73.786
40.928
47.899
65.016
18.601
87.487
42.236
40.72
55.704
90.97
65.911
30.606
30.404
27.109
84.168
82.268
16.242
87.518
60.61
86.877
28.572
64.275
47.186
5.206
48.319
94.083
41.531
12.011
67.914
1.234
56.583
67.139
11.198
76.979
52.757
4.512
37.344
34.389
38.222
34.671
1.319
26.935
96.437
28.448
51.208
86.779
48.902
70.832
79.397
1.076
25.484
7.104
60.829
6.978
56.043
11.599
63.624
67.957
56.898
34.174
50.171
40.408
46.407
44.491
50.481
23.716
37.165
55.816
37.476
61.398
84.747
55.811
74.845
32.077
63.307
79.531
61.287
36.511
49.043
32.603
56.473
63.517
57.597
60.712
52.66
43.222
30.512
34.507
3.06
54.308
37.39
80.332
30.988
86.192
20.799
84.553
86.332
10.951
0.84
22.217
31.456
4.363
51.747
44.292
12.734
59.473
33.019
56.097
38.81
36.941
89.071
94.84
76.025
70.888
46.905
47.58
25.735
49.841
57.045
30.788
29.218
24.349
25.162
59.605
78.743
41.723
91.362
2.922
59.911
70.333
85.195
47.908
60.731
56.243
60.429
46.459
81.364
62.783
40.735
54.335
46.362
49.701
30.416
34.734
60.016
36.961
3.557
44.691
0.432
6.119
12.649
7.149
2.027
82.416
20.786
39.002
65.75
52.432
28.303
78.032
52.631
37.997
43.65
57.889
10.79
61.306
8.976
79.805
24.62
52.142
47.145
22.936
48.922
60.567
76.295
53.005
85.987
95.038
47.415
40.223
49.1
34.073
70.674
28.115
35.736
54.315
76.213
66.203
60.927
68.11
66.29
15.56
57.254
63.835
12.285
3.042
49.409
55.382
84.649
41.262
42.154
39.998
25.857
29.839
9.725
62.138
53.132
36.984
50.454
32.103
56.676
77.524
27.378
55.808
56.66
26.141
71.191
3.553
59.503
48.851
62.731
44.297
41.346
17.509
13.462
21.128
52.201
35.101
74.85
46.036
38.86
32.912
43.925
54.163
49.661
32.094
58.841
19.78
80.323
57.374
70.385
41.256
38.214
79.763
79.475
30.436
52.265
66.075
32.758
77.222
38.632
17.69
13.4
63.844
30.009
52.82
62.94
50.193
48.536
24.407
5.118
50.368
93.504
97.022
18.75
9.159
8.636
73.12
65.243
36.863
34.366
72.057
0.6
92.297
18.164
35.298
36.342
30.646
40.093
86.815
52.881
33.54
59.617
53.243
53.453
46.441
27.673
61.119
98.831
78.41
57.641
53.153
35.216
10.491
65.05
64.341
76.554
57.48
23.647
42.045
28.702
43.546
78.392
15.304
13.381
50.885
65.261
55.262
57.343
48.746
84.541
53.259
61.008
14.03
30.46
52.219
57.477
68.664
62.214
66.231
10.366
41.277
3.799
81.17
22.253
67.228
53.287
53.769
89.557
18.762
68.782
44.6
61.022
59.07
62.329
31.972
27.04
40.714
62.009
63.358
30.81
70.432
51.125
14.472
76.775
31.947
75.245
77.589
67.945
35.875
21.648
43.824
52.855
46.627
52.146
70.348
24.948
46.444
15.351
34.621
83.771
45.155
98.424
93.163
56.363
91.618
77.981
74.999
25.66
54.93
58.682
66.977
23.626
92.775
81.754
35.377
37.276
56.181
27.562
42.358
45.826
46.614
49.628
80.5
65.663
35.657
56.773
41.084
37.226
21.545
71.938
69.772
91.263
53.734
43.773
22.942
85.659
41.501
43.959
48.853
41.738
49.702
54.569
51.581
33.265
52.985
80.568
40.931
36.388
4.196
18.126
84.389
19.813
66.344
19.51
91.65
51.722
93.053
6.149
78.374
93.859
25.552
45.437
37.728
57.22
30.452
24.955
19.524
61.896
66.277
80.696
54.112
19.75
66.303
8.834
30.109
49.619
31.488
43.315
57.147
56.975
7.796
37.2
42.557
70.281
69.25
19.939
82.761
39.8
42.329
44.728
4.466
57.788
76.367
87.21
85.484
41.069
92.314
19.566
20.099
16.158
10.501
52.588
81.733
62.098
65.037
4.228
97.244
63.513
84.736
72.683
31.232
42.308
34.709
71.187
18.776
11.605
45.155
93.683
48.558
45.679
18.757
48.434
40.047
82.861
63.145
84.187
22.734
34.12
82.803
67.729
92.324
92.324
54.814
17.321
82.886
46.113
89.93
87.298
42.61
45.534
37.783
55.322
30.299
35.253
70.502
33.739
16.639
32.591
29.722
26.455
98.634
73.892
61.357
90.609
11.419
35.507
11.143
60.418
45.393
73.857
37.042
92.562
45.461
78.37
75.29
0.445
13.907
85.124
34.641
70.177
44.942
25.405
69.471
55.873
42.973
33.658
33.126
63.657
53.375
53.234
47.394
49.23
25.584
89.681
53.324
47.104
5.108
30.952
97.055
19.049
37.498
35.521
47.472
48.885
66.388
82.178
42.745
51.813
89.203
30.505
73.104
67.853
63.044
42.137
22.834
57.902
46.998
59.412
34.564
76.336
50.813
24.43
77.011
52.803
47.938
77.963
48.875
42.028
70.113
35.227
23.148
88.723
17.986
74.694
17.337
22.221
21.717
64.934
37.536
18.667
44.643
46.854
66.838
4.826
51.428
33.866
17.346
73.444
17.756
41.208
12.614
37.647
65.049
6.299
50.205
43.558
3.04
58.489
95.444
35.887
53.417
44.332
55.358
4.084
97.554
54.567
57.795
43.501
30.433
33.961
75.709
67.411
2.384
47.521
74.993
96.683
45.027
59.7
56.373
48.819
45.659
71.332
80.593
67.622
39.862
82.737
14.395
81.981
88.855
80.505
55.724
44.854
58.107
67.648
30.213
97.722
29.243
69.382
52.589
45.421
10.517
87.199
89.629
88.042
59.183
58.799
60.442
77.601
33.211
23.522
33.979
45.748
32.833
2.653
45.064
82.485
49.719
52.759
75.798
72.305
33.355
98.058
7.002
64.531
60.204
34.755
35.916
40.968
64.303
15.493
33.559
73.681
69.6
36.347
78.572
0.302
29.225
26.06
35.467
4.824
29.063
64.154
75.22
59.465
67.419
44.676
96.446
69.287
59.164
24.789
41.024
52.394
13.225
65.93
23.953
53.611
88.726
56.335
2.999
48.442
26.358
87.546
35.124
18.632
32.115
86.717
78.876
39.434
34.07
58.783
62.847
39.265
51.474
52.252
23.025
65.365
20.227
31.09
47.003
11.799
86.813
37.595
9.881
22.421
27.291
44
49.689
5.933
86.688
42.722
20.135
24.427
81.456
63.299
20.702
49.478
53.054
59.262
71.349
41.055
56.239
29.969
72.093
58.523
36.073
38.62
3.332
7.753
59.564
19.557
43.068
38.206
58.137
98.69
54.036
51.257
91.073
23.72
62.559
6.018
41.119
7.158
11.188
17.693
42.206
9.498
20.976
47.61
72.021
23.069
52.503
63.552
63.124
75.475
57.451
50.262
50.94
8.201
33.202
17.469
47.186
82.887
46.936
55.794
69.365
38.806
24.644
80.736
16.099
81.957
22.206
40.645
92.476
62.034
95.488
54.929
25.242
47.948
56.282
52.177
17.782
38.93
77.144
57.588
86.828
50.948
65.874
54.77
7.95
48.639
58.692
57.28
45.035
18.314
20.546
64.557
34.693
54.433
14.172
42.935
38.116
9.784
6.41
62.255
69.516
16.806
41.574
63.855
66.245
85.025
67.869
48.386
83.992
58.43
25.436
57.979
85.84
55.717
26.292
48.798
48.468
57.252
59.982
53.092
21.658
52.155
44.434
21.429
33.441
54.218
44.384
79.993
55.271
68.023
10.1
41.37
51.158
27.092
40.019
86.697
49.839
57.43
67.158
85.979
10.429
23.92
57.39
28.584
6.335
30.431
83.566
71.575
7.939
19.35
13.343
76.065
89.937
68.804
57.993
46.041
44.25
63.868
26.155
35.131
19.274
5.336
32.38
23.283
59.228
20.833
50.866
51.992
53.371
23.69
8.461
91.757
64.059
44.854
41.54
35.869
36.589
33.46
9.338
28.377
12.975
56.78
54.528
36.9
55.366
56.066
73.66
45.636
37.748
4.927
68.951
83.418
43.942
6.453
53.669
73.64
49.908
96.114
19.679
41.739
55.108
95.011
41.847
25.675
41.589
12.546
58.082
27.638
83.504
54.818
27.496
94.054
23.988
76.295
29.486
67.98
45.486
44.802
87.663
15.734
88.374
5.559
5.194
41.089
90.562
32.993
35.694
33.884
72.504
22.589
9.932
83.277
39.753
35.557
72.904
12.893
28.087
40.102
69.408
56.644
35.59
1.283
45.195
36.046
62.577
50.494
86.899
75.547
63.442
50.345
88.687
79.848
85.81
51.312
54.959
75.447
51.39
69.157
42.551
72.363
74.364
80.26
63.551
17.714
58.844
46.307
23.243
20
63.87
50.882
91.73
66.634
47.363
27.893
15.936
20.98
17.641
15.854
85.752
49.683
59.815
53.02
77.901
35.723
27.864
56.495
64.486
48.113
50.331
34.993
65.727
51.726
43.164
59.122
92.979
42.547
42.801
61.176
68.155
42.71
55.88
66.367
17.848
83.985
61.702
52.016
60.684
77.199
73.777
65.684
29.542
66.857
90.899
55.381
9.138
16.483
49.619
57.588
73.403
72.324
46.417
89.042
62.262
56.849
72.794
49.056
68.06
38.724
52.626
36.228
60.84
69.479
65.381
52.935
28.339
11.66
53.939
72.893
42.71
52.766
52.545
86.191
42.35
91.915
42.265
70.057
26.834
56.293
43.107
24.805
77.525
24.574
61.869
77.613
8.318
83.833
73.13
91.481
74.315
57.575
16.625
74.375
50.352
75.585
67.327
56.082
60.934
1.081
86.36
80.657
36.523
33.969
8.883
75.166
79.925
30.596
76.557
45.597
43.115
60.404
42.494
26.39
63.722
50.325
10.349
18.13
32.766
8.798
89.416
37.079
2.051
87.875
80.273
62.156
53.573
40.052
49.188
81.513
54.708
49.551
74.074
37.894
33.213
62.552
41.51
61.165
6.349
51.803
53.597
46.745
30.255
73.167
22.329
94.149
51.546
62.143
5.061
61.458
50.411
25.68
46.882
60.268
78.799
9.904
97.424
77.83
27.54
81.938
34.265
88.7
20.889
35.713
67.106
85.648
48.905
31.895
43.705
12.971
68.094
66.233
51.101
15.009
2.314
71.819
21.668
54.35
85.118
51.809
52.622
94.236
88.351
33.504
85.278
18.699
31.386
4.443
61.309
83.045
93.47
68.377
66.504
20.397
38.505
15.383
62.22
2.248
50.145
47.026
26.816
6.687
54.4
51.309
50.335
18.082
69.476
51.942
24.635
33.311
64.905
93.466
44.764
70.364
38.45
66.599
51.149
70.478
43.245
45.606
49
14.376
83.512
58.491
41.249
49.027
50.022
26.22
14.421
44.561
95.722
36.967
52.311
3.725
26.92
66.658
70.843
68.766
95.384
75.047
31.882
88.762
7.612
3.69
40.812
74.634
30.912
32.985
53.09
10.909
51.851
41.684
48.75
98.641
30.123
9.574
33.857
40.916
70.78
37.447
49.433
45.579
49.972
87.14
33.13
59.937
20.551
20.568
52.023
50.256
43.804
60.46
89.534
79.982
70.245
65.029
17.92
35.056
58.828
9.204
17.858
59.025
41.051
62.191
57.615
49.579
32.641
31.031
41.13
55.659
96.575
64.041
33.684
60.873
55.95
29.586
48.631
47.969
30.003
84.251
8.843
83.156
22.755
81
91.552
93.057
80.762
3.135
61.798
55.15
22.32
44.19
82.828
41.068
98.947
59.6
55.794
25.367
34.262
63.403
12.365
52.256
61.454
18.323
4.866
82.057
61.518
80.114
55.279
72.472
36.94
48.731
90.217
67.144
51.55
46.908
93.02
30.508
22.271
55.284
19.424
48.741
62.686
58.973
72.662
19.998
27.895
57.44
88.784
56.022
57.285
77.834
80.324
50.156
40.076
56.143
58.294
83.173
93.253
48.459
50.598
27.667
54.339
85.616
78.229
55.66
57.466
45.12
70.09
35.905
1.736
47.028
43.637
51.972
52.888
85.69
86.647
58.456
18.631
40.466
57.381
40.78
60.732
53.314
19.897
81.179
61.168
39.166
50.248
79.471
57.151
8.987
65.793
17.05
14.811
79.23
60.846
40.986
61.402
40.574
41.014
50.458
87.812
41.929
55.639
29.873
72.817
55.168
57.001
43.508
41.56
21.374
58.94
34.531
23.831
14.664
32.72
70.654
62.598
55.588
11.627
32.923
64.533
48.915
69.936
83.253
17.102
18.871
51.509
20.444
60.246
47.553
15.283
49.433
46.558
44.832
21.192
48.597
54.74
41.806
47.258
88.571
85.16
31.997
43.451
93.918
51.705
19.085
6.841
33.756
49.986
70.217
19.32
12.397
95.567
54.064
18.478
53.176
45.132
18.316
50.939
40.763
43.458
98.828
87.55
64.44
70.427
59.898
50.954
44.139
67.986
89.042
50.669
97.876
69.37
2.143
76.661
72.12
17.235
31.582
73.872
90.836
37.951
62.469
20.231
55.713
78.938
88.475
14.373
27.446
18.469
16.317
48.511
52.524
12.336
32.09
43.509
69.735
26.595
91.011
17.785
45.963
14.009
35.172
3.783
30.728
25.44
32.111
47.055
31.022
45.125
32.045
68.554
17.837
55.897
25.557
74.05
53.389
25.586
56.502
59.424
84.243
50.619
71.139
71.671
77.598
88.888
48.478
75.705
60.175
93.089
45.311
61.187
65.454
40.753
40.734
44.458
51.309
57.642
71.27
23.146
57.167
31.265
83.817
34.751
66.99
38.195
22.746
14.175
77.938
11.141
23.091
44.04
72.091
47.726
8.972
50.588
35.697
17.05
54.859
56.167
80.666
80.521
43.025
38.097
35.431
29.861
77.802
15.292
38.874
58.353
68.175
4.322
63.521
25.068
66.653
66.628
39.142
77.428
59.676
77.903
49.868
30.214
49.793
49.815
68.813
23.957
70.579
64.158
53.697
50.124
20.23
34.014
68.543
41.737
61.02
67.173
29.199
19.036
61.74
13.483
68.494
92.578
71.185
76.519
57.972
81.223
83.778
19.167
77.557
67.663
52.586
71.925
11.258
48.299
1.095
73.653
33.797
65.494
59.753
34.11
13.069
66.086
3.401
58.688
54.52
22.391
47.269
62.711
24.446
55.306
49.657
72.278
34.583
6.974
69.205
89.244
55.905
62.294
31.947
47.928
37.644
41.536
72.576
67.662
60.679
63.589
78.771
42.878
17.431
33.029
55.13
56.403
12.841
76.615
24.015
75.003
52.318
66.329
89.093
15.794
25.222
15.854
58.875
54.601
79.508
8.421
8.864
20.312
50.431
65.625
20.536
64.51
60.781
92.795
4.95
22.385
49.751
80.833
45.528
86.901
45.22
60.153
56.509
6.014
32.213
54.288
68.742
38.085
55.327
52.355
29.625
68.597
43.889
7.022
21.212
48.628
41.482
49.988
52.216
42.479
57.435
67.708
64.493
75.743
71.438
28.462
62.589
73.75
70.185
5.447
46.356
63.986
74.141
34.955
25.306
24.712
65.677
37.925
29.724
98.85
51.111
81.582
60.122
35.198
60.052
29.832
24.683
6.204
16.686
78.067
80.846
53.465
31.102
82.254
45.854
42.314
69.84
67.489
98.138
37.544
7.818
29.307
24.775
69.703
41.867
38.341
78.141
41.581
78.779
41.494
23.738
41.479
98.676
56.221
79.598
72.487
51.928
34.238
91.802
46.994
59.56
51.892
