48.273
37.523
30.285
72.176
90.277
93.881
34.607
62.897
53.446
14.821
70.759
33.703
54.229
65.532
38.314
87.832
16.291
74.339
70.491
12.085
54.511
23.031
37.916
84.852
85.486
13.376
33.915
30.988
84.747
96.422
51.322
79.491
87.642
68.137
8.513
40.521
37.257
46.515
59.447
4.021
24.824
12.924
29.983
20.187
16.993
37.617
50.721
2.599
58.448
49.786
22.342
75.097
78.42
43.907
10.454
52.343
10.9
60.216
63.303
57.971
70.067
45.751
20.714
51.233
89.856
20.481
38.095
11.298
12.976
26.794
43.435
41.06
17.747
91.909
39.963
61.313
63.477
53.105
26.801
89.668
29.365
12.203
24.214
58.898
70.101
78.636
82.688
27.974
54.804
6.91
66.599
50.525
93.163
47.579
78.3
69.999
68.471
44.797
57.192
84.339
59.779
64.884
46.828
79.158
70.904
15.397
77.828
47.101
40.808
13.433
21.413
36.492
47.766
34.654
24.283
40.713
73.916
64.68
28.272
10.605
62.537
77.373
85.568
80.187
71.885
38.348
98.765
75.275
54.324
25.316
40.712
54.352
83.49
62.689
47.712
17.341
66.871
49.165
32.303
67.302
36.018
41.034
40.731
55.061
51.489
13.416
90.451
62.501
62.667
74.006
92.223
77.679
60.368
23.777
53.278
52.553
65.947
73.608
76.056
33.315
59.648
19.509
5.663
1.121
87.588
60.02
63.87
44.402
43.492
38.723
44.859
69.637
77.077
16.686
65.774
58.707
54.224
67.494
51.46
66.839
66.215
20.499
90.413
41.46
45.541
93.079
84.532
56.882
54.973
66.498
0.157
0.767
33.191
48.555
39.041
36.92
84.171
59.398
67.283
53.517
4.202
30.088
51.576
28.425
82.924
49.341
77.501
28.439
34.261
63.076
56.687
50.618
59.968
33.924
66.45
51.495
39.132
36.721
78.434
62.393
87.247
54.416
43.104
48.011
64.76
65.538
50.509
17.168
46.126
84.665
54.718
47.09
44.573
41.808
13.959
85.656
60.792
13.217
55.4
54.939
75.312
6.678
67.495
63.088
9.038
93.204
61.237
87.542
46.691
64.22
59.837
8.105
28.209
11.878
90.489
56.624
18.327
72.794
47.973
28.795
43.398
57.644
27.507
41.708
35.668
29.904
12.575
13.178
34.036
55.681
16.917
66.237
51.489
36.796
73.677
37.168
54.907
72.869
34.281
45.308
57.872
40.373
32.47
48.165
56.016
39.975
41.868
55.005
74.31
17.03
4.603
60.088
56.185
49.665
15.122
40.773
48.093
54.454
14.885
50.223
15.5
90.242
48.696
71.772
46.323
44.437
82.533
60.17
49.415
35.662
50.264
33.171
35.697
70.244
48.683
40.444
82.656
28.072
93.81
65.124
69.129
49.826
26.061
79.502
60.957
51.724
30.929
92.981
75.783
21.772
50.644
49.347
37.475
65.48
65.236
64.253
74.32
51.75
59.123
22.293
92.218
54.596
57.907
71.834
28.215
24.558
93.692
45.516
61.615
63.677
42.583
74.838
74.263
48.878
16.174
32.808
15.092
28.51
32.329
24.179
24.816
58.978
43.823
47.321
30.455
41.336
55.845
45.978
30.205
69.722
33.828
47.203
91.629
43.425
1.113
60.966
46.627
80.6
59.376
49.384
25.015
73.067
29.669
0.436
80.465
53.256
79.878
41.547
40.405
44.888
40.89
24.615
58.576
38.843
66.096
29.798
73.509
85.512
12.684
72.947
38.224
38.351
89.443
51.592
19.747
75.95
70.485
83.66
21.004
44.186
85.691
19.844
65.626
27.681
75.045
80.776
59.241
61.71
63.275
64.07
23.176
50.93
83.793
18.124
47.176
50.342
24.752
37.839
13.259
55.853
48.376
76.179
47.942
86.254
56.389
35.666
11.882
76.994
10.939
23.16
48.21
84.606
42.92
48.591
51.238
71.458
98.058
21.447
25.692
93.287
54.576
47.814
14.652
80.85
83.279
25.291
31.536
65.687
28.669
26.271
23.313
58.793
19.028
39.619
32.94
88.996
20.95
60.48
9.528
57.097
83.357
30.866
0.566
40.8
32.038
90.249
63.824
26.665
9.05
67.403
3.104
47.05
37.043
43.943
68.416
48.824
32.569
11.226
54.532
55.892
10.285
22.85
15.508
62.602
56.458
41.017
11.562
47.479
37.034
95.937
65.019
39.577
28.882
39.256
44.093
34.763
19.034
27.188
78.797
73.437
21.642
32.388
53.083
30.914
17.918
37.883
13.863
55.352
84.695
64.177
33.278
23.548
40.746
34.445
64.116
50.141
36.679
75.426
54.983
49.548
56.23
26.975
58.198
0.507
32.542
41.761
29.913
50.872
53.19
77.117
78.137
22.239
26.829
46.317
92.394
49.683
39.834
29.678
76.187
27.742
69.321
67.336
23.856
55.347
22.461
20.618
41.142
70.898
73.208
48.683
65.239
93.507
43.692
58.101
53.004
82.106
46.009
46.021
64.765
87.923
78.428
72.843
6.703
58.795
8.012
58.538
38.094
5.915
59.336
92.271
32.508
0.155
57.117
39.05
80.743
59.819
37.466
75.72
63.896
14.133
47.815
44.877
50.988
28.644
12.832
84.78
26.445
96.964
61.105
50.045
39.601
54.711
21.924
65.801
44.888
7.265
56.089
63.901
24.747
66.017
43.239
16.562
0.383
54.591
45.03
63.386
55.162
54.753
38.944
67.898
84.462
8.209
30.744
59.551
55.371
43.336
50.607
38.326
18.622
18.316
45.3
69.114
51.047
47.02
42.838
34.934
32.329
5.695
38.72
80.131
70.902
10.822
52.116
54.011
33.625
97.032
67.567
61.127
39.212
29.812
53.309
38.193
32.684
32.087
72.731
44.238
97.434
7.423
77.45
10.34
43.772
52.508
52.684
32.518
37.664
46.225
57.073
36.741
45.967
71.773
27.863
61.952
17.638
13.084
53.582
58.143
21.22
36.323
77.046
36.778
57.668
60.487
14.311
51.443
66.783
68.38
55.674
54.612
4.995
38.729
40.375
46.168
83.221
42.212
76.745
34.672
25.591
2.013
41.274
61.642
42.95
69.877
58.805
65.352
42.241
36.44
23.211
22.765
76.375
11.172
76.725
31.987
20.098
46.035
89.421
86.228
75.219
45.405
66.247
58.908
34.449
10.289
39.181
18.537
33.838
49.605
64.34
61.96
54.849
10.832
75.576
21.115
7.121
40.463
50.633
32.563
77.831
66.17
37.973
78.555
87.21
47.734
47.654
58.174
13.846
95.54
33.502
54.38
29.259
17.992
69.259
51.271
83.931
55.083
39.528
81.276
13.415
18.647
35.158
41.38
74.567
29.96
49.612
51.062
97.683
35.449
77.411
38.457
17.65
74.58
12.427
47.216
82.892
88.291
52.917
79.33
42.075
46.844
70.671
23.889
52.154
46.092
92.982
68.346
44.691
44.978
90.818
25.982
16.554
52.463
15.77
51.521
60.129
26.18
47.546
54.184
59.454
95.973
41.701
76.694
8.383
94.435
75.989
26.354
70.161
67.676
4.609
15.325
53.241
64.185
39.556
82.111
80.068
2.233
51.632
47.966
46.513
69.295
63.567
19.459
81.849
41.442
7.968
70.277
89.842
91.355
18.205
37.534
53.546
83.659
63.764
63.573
96.858
64.684
41.054
59.765
11.124
38.904
27.776
11.782
44.131
33.958
81.781
30.249
47.197
51.622
11.538
90.042
72.384
39.073
23.125
53.745
41.39
63.03
26.514
56.913
96.175
41.096
78.109
49.526
46.654
62.014
41.08
70.472
14.338
38.454
93.469
49.083
42.751
38.95
2.448
40.556
30.013
60.154
88.8
51.834
80.869
58.243
47.794
59.051
92.311
20.105
30.819
33.547
46.927
63.255
35.148
89.183
43.273
66.421
73.561
45.562
41.514
55.76
58.436
83.477
65.36
0.886
80.956
73.016
70.779
26.677
85.292
28.663
15.907
77.996
72.027
56.426
50.356
27.346
29.212
91.243
93.693
77.756
83.537
36.886
47.846
60.064
30.141
27.737
62.068
56.873
10.083
60.893
29.526
46.316
30.199
1.293
1.812
30.996
50.343
77.219
67.492
69.822
81.822
18.579
10.737
11.08
39.635
75.11
61.549
51.287
67.809
48.259
78.871
47.748
63.293
16.549
15.81
2.178
83.403
2.396
51.573
62.024
60.667
53.526
22.854
22.827
39.053
66.782
24.964
67.326
49.088
38.255
12.535
22.116
88.652
37.913
14.568
57.975
14.125
59.023
50.032
20.783
12.856
51.83
43.99
67.361
72.692
34.113
29.378
55.667
69.224
47.077
34.489
32.572
8.55
77.812
51.235
90.561
21.825
36.848
96.557
39.651
97.962
38.821
74.297
77.009
0.108
77.468
17.852
57.372
81.894
59.131
33.791
24.246
50.855
86.079
0.57
59.896
31.791
81.516
72.332
61.388
53.718
12.245
10.887
97.35
44.441
67.834
74.475
69.631
14.563
63.029
48.807
33.646
34.577
98.955
45.013
36.145
23.378
42.486
41.766
53.027
51.177
60.789
60.913
58.951
50.998
44.027
54.23
54.757
32.902
35.11
29.6
92.496
82.344
19.318
49.877
35.235
87.29
98.555
62.178
20.51
67.346
55.637
41.536
39.095
65.236
47.679
40.893
53.114
50.871
53.488
10.105
68.381
53.523
18.149
72.087
89.082
25.339
95.168
70.308
48.117
61.422
45.584
51.912
14.949
84.075
61.393
50.877
48.934
89.183
91.493
37.632
29.34
30.604
85.975
53.791
53.22
44.427
10.12
39.483
38.136
54.587
41.617
79.752
53.937
19.492
23.488
36.91
98.318
54.99
39.477
45.761
44.981
92.599
72.747
63.066
33.796
39.826
98.844
17.318
48.917
27.265
74.171
64.752
57.046
52.638
67.861
53.069
23.336
29.41
40.048
94.1
21.396
0.678
76.783
33.066
48.113
90.62
59.887
87.453
53.158
54.591
55.739
53.768
56.518
40.033
31.334
11.485
41.25
86.814
47.207
4.415
59.946
39.87
39.507
28.091
43.826
62.194
46.781
48.424
66.505
45.027
26.638
7.597
50.111
60.054
41.191
97.479
58.445
20.663
48.154
15.485
58.389
44.557
17.207
47.193
46.276
53.691
24.781
50.743
36.769
51.068
24.288
59.937
10.419
60.292
56.764
79.348
5.394
11.486
52.641
75.541
55.899
81.047
55.051
3.94
37.737
46.073
92.289
23.302
44.149
35.275
67.954
48.824
16.176
73.286
36.559
45.67
18.993
15.431
79.065
36.974
6.229
43.067
33.337
7.874
48.113
53.383
92.145
66.428
16.707
36.937
55.452
65.958
83.825
59.78
44.74
61.275
36.339
87.526
50.964
42.528
35.578
18.966
34.333
49.947
47.448
89.487
54.626
52.448
34.036
60.682
31.579
86.844
81.045
2.539
17.632
81.154
31.766
62.774
37.734
35.016
47.853
65.07
49.358
70.869
25.462
26.934
40.468
56.092
23.529
42.528
44.176
77.473
23.941
70.526
36.296
50.628
48.162
70.06
47.467
33.903
21.401
54.777
91.967
72.106
89.404
81.75
81.602
38.735
62.761
16.881
95.917
34.83
12.646
55.872
93.078
56.178
74.703
49.034
50.52
40.306
59.757
31.024
34.862
40.158
36.611
16.883
28.282
71.11
42.516
63.266
89.009
55.917
91.527
11.094
9.455
70.534
1.756
68.924
43.539
80.369
10.948
26.41
66.808
24.365
43.028
50.541
17.983
49.601
34.462
57.956
82.79
95.178
55.55
76.678
52.235
57.864
91.481
65.062
32.659
66.114
50.788
50.058
61.552
86.079
5.319
7.292
25.283
73.853
28.272
18.704
98.694
42.311
11.401
56.575
86.763
40.803
63.894
80.335
42.433
79.125
54.79
73.268
32.069
79.597
67.117
64.731
42.796
38.847
16.423
29.849
49.525
14.069
45.014
10.004
87.306
19.093
44.462
24.275
77.267
10.223
16.917
9.146
17.857
44.119
37.059
23.591
42.318
12.589
48.71
59.163
63.872
43.014
48.625
37.264
52.242
45.205
38.542
44.477
52.101
4.547
26.88
56.003
40.302
37.734
32.133
18.986
28.832
1.836
41.692
53.264
60.221
43.567
60.171
23.204
78.067
83.228
68.376
45.725
25.354
56.679
62.299
3.974
41.947
43.869
19.445
30.712
59.127
16.981
76.535
7.316
41.489
50.871
59.421
14.765
56.814
1.885
82.857
73.683
18.229
35.787
96.632
58.319
38.404
54.006
47.355
89.322
84.528
60.937
0.98
55.953
22.763
42.999
81.77
51.941
54.273
67.798
76.007
60.263
29.192
51.173
9.136
41.189
59.761
61.4
39.595
55.482
87.197
91.756
38.099
53.375
13.057
40.603
64.085
74.282
77.374
88.124
68.175
29.796
68.705
37.219
83.788
62.764
84.556
61.582
82.871
52.334
40.019
92.076
98.268
30.722
0.46
41.118
71.919
19.771
34.468
27.551
30.058
39.663
75.542
52.503
52.763
96.767
49.936
31.571
64.609
30.902
88.028
65.762
3.675
55.143
46.163
64.83
32.072
88.688
47.713
90.304
66.009
34.444
56.24
80.895
95.658
41.384
84.375
22.449
66.624
43.891
86.259
59.238
86.908
44.769
36.474
10.855
21.046
23.94
51.953
60.938
6.067
50.041
74.034
58.505
97.323
69.497
20.802
43.035
61.008
61.972
38.289
50.323
23.293
49.859
66.811
50.362
11.44
77.208
61.328
77.691
34.668
45.809
51.071
50.999
64.439
56.473
59.123
43.63
50.34
50.089
26.172
38.656
49.983
57.486
60.768
88.548
15.8
70.76
51.702
67.231
50.296
90.18
50.614
94.238
18.702
29.075
62.371
78.955
78.448
83.081
84.772
36.977
19.653
5.289
51.163
21.671
54.205
56.68
20.269
92.661
19.849
38.75
13.097
52.56
51.976
65.938
8.234
73.38
56.579
60.665
13.221
57.757
5.521
58.133
43.587
29.473
44.794
49.984
38.424
27.044
53.675
43.02
27.784
6.482
68.203
48.842
60.327
58.875
77.178
70.297
69.049
49.414
43.313
24.968
91.695
26.312
89.935
44.117
37.697
13.101
8.923
22.509
38.26
59.045
27.528
37.848
79.723
59.019
7.026
27.773
60.378
70.281
32.22
80.963
74.323
12.326
86.142
15.054
53.875
91.252
41.789
82.374
58.923
26.963
15.434
44.488
6.028
24.587
47.261
80.787
90.173
36.901
29.292
66.152
61.057
48.47
19.179
18.713
26.693
50.309
68.906
46.688
94.255
85.421
88.432
66.124
12.471
66.9
59.46
55.446
11.081
69.688
56.234
25.222
69.193
66.846
53.513
77.617
0.293
26.615
41.723
83.486
46.352
24.658
80.998
45.734
49.406
88.282
79.575
56.541
50.769
46.15
37.518
63.035
87.443
55.444
66.605
58.483
10.264
86.995
10.208
21.796
23.5
36.22
42.929
63.147
47.848
7.385
90.728
52.204
43.36
38.656
91.325
15.892
41.124
29.282
65.031
49.177
24.847
50.585
9.266
11.008
63.558
30.697
5.584
47.679
6.682
70.198
77.023
59.422
38.779
37.368
69.07
98.815
36.799
51.173
65.709
81.212
36.371
75.861
46.349
44.091
50.112
41.848
16.9
37.287
50.517
29.333
6.342
54.077
31.459
54.138
0.255
71.49
46.596
72.555
53.917
79.608
42.761
24.284
11.56
42.353
12.617
44.526
21.766
31.608
36.549
10.669
81.739
41.92
90.978
48.401
77.165
46.492
44.016
53.105
47.908
43.71
44.848
66.071
90.785
40.648
67.434
53.624
2.231
57.721
60.3
55.8
69.263
81.165
32.574
32.616
90.83
55.495
90.202
42.79
25.082
71.494
53.028
76.983
96.274
95.788
29.523
57.892
54.598
31.688
18.579
92.924
48.461
52.043
52.895
42.12
22
78.302
54.698
31.738
54.821
77.015
52.674
48.497
10.028
63.665
46.991
61.673
77.459
32.055
42.797
36.098
33.112
15.449
76.418
54.945
16.823
8.33
37.472
56.589
67.844
42.913
81.305
49.546
14.713
59.717
36.449
12.256
6.705
82.949
4.319
66.05
35.273
82.779
51.376
54.334
49.298
69.287
7.891
59.911
82.696
78.216
35.957
33.438
47.071
53.284
42.283
68.757
50.595
23.079
24.632
51.222
75.401
2.272
20.383
44.963
54.785
69.811
83.479
90.252
89.357
74.666
32.997
18.346
36.522
93.59
41.415
14.995
43.255
42.015
59.095
78.623
87.689
46.931
98.812
67.616
58.758
79.448
67.984
61.475
58.531
73.182
46.113
57.92
52.456
1.974
64.18
76.62
34.365
52.757
62.105
68.026
50.512
26.071
63.155
43.218
6.462
88.479
32.907
31.876
66.102
63.016
69.998
43.662
79.868
59.483
57.174
8.743
47.554
57.547
62.221
32.326
59.899
6.357
31.512
62.499
57.042
4.808
10.282
42.544
54.039
82.127
51.247
45.593
51.277
41.135
97.53
60.381
7.402
48.536
56.439
61.46
47.692
42.281
80.298
54.833
65.23
96.82
51.269
75.154
82.574
50.73
24.957
78.283
26.674
23.72
50.489
39.6
41.809
31.205
49.343
42.174
27.139
24.756
89.051
53.893
79.313
51.901
17.664
9.729
56.914
15.764
44.542
30.039
14.043
54.955
68.806
14.819
52.436
73.13
11.761
39.501
56.339
90.956
50.521
71.829
48.018
82.631
59.469
41.022
39.998
85.286
23.678
51.699
57.564
33.845
80.266
64.448
26.605
61.712
64.718
56.711
47.182
2.523
24.344
94.443
82.24
47.29
43.687
44.085
49.437
2.56
30.92
50.684
1.981
74.563
31.923
40.739
74.315
56.7
47.918
8.925
44.923
71.107
42.289
80.813
24.634
58.156
47.177
77.916
68.418
65.888
4.446
69.602
24.504
9.927
25.065
40.244
32.613
42.152
50.201
55.131
85.091
66.385
17.495
28.26
34.003
45.71
36.615
57.789
49.13
18.637
61.258
22.876
44.995
56.759
59.954
11.131
24.048
65.741
49.575
40.275
65.259
44.338
12.353
33.002
53.566
51.228
44.034
85.334
71.377
58.388
41.33
25.57
96.356
33.808
98.545
20.867
90.151
47.361
54.155
89.525
70.281
10.234
58.933
51.177
56.753
40.54
72.381
53.569
39.276
13.026
15.74
66.232
79.828
24.056
58.684
74.197
80.06
10.014
89.137
46.703
90.238
55.12
56.789
57.043
32.748
25.961
57.546
27.514
47.863
28.951
27.258
55.527
54.368
10.39
97.782
42.128
27.283
54.795
17.648
42.521
8.742
12.991
69.924
6.709
18.181
75.423
16.358
76.127
36.386
46.584
49.963
31.844
52.279
38.996
47.132
8.348
37.088
29.944
46.076
27.655
79.312
15.961
30.699
55.473
85.82
1.033
76.435
45.007
24.224
61.163
62.913
24.413
86.774
66.022
44.203
28.097
45.251
15.194
63.094
95.976
35.948
43.207
51.602
8.477
41.144
92.274
90.94
15.644
40.632
95.346
56.794
74.294
71.928
55.367
34.072
1.829
38.211
55.429
58.066
28.965
72.3
95.943
7.09
55.493
56.61
33.099
51.701
19.166
27.281
72.499
35.199
34.273
75.234
76.57
64.225
26.258
73.254
33.001
66.045
66.393
50.751
61.037
57.827
68.434
62.89
47.552
58.379
16.311
35.687
16.936
55.929
90.075
8.083
23.447
54.127
18.74
30.825
70.007
80.806
84.93
48.337
69.48
53.399
83.239
50.594
49.939
27.99
47.559
40.629
90.182
53.548
31.134
52.803
81.375
44.21
54.76
6.171
53.366
24.235
80.295
47.403
30.091
76.103
18.664
25.354
97.448
46.757
97.366
5.797
78.773
29.349
10.656
44.304
68.667
85.167
40.631
76.23
37.22
63.08
53.099
65.479
46.598
43.556
70.696
25.726
56.821
62.477
42.259
66.414
46.648
75.152
80.884
61.504
51.865
4.392
65.474
33.538
51.733
38.9
38.301
19.46
66.354
81.11
97.016
69.097
40.062
90.931
71.207
24.282
59.899
11.658
57.148
42.043
43.412
20.779
29.272
90.822
79.054
59.345
93.806
31.194
52.19
36.064
30.9
30.159
68.467
82.567
61.785
60.95
75.111
64.722
65.319
55.457
90.037
77.06
76.719
44.905
63.036
52.818
49.168
64.594
55.133
64.933
61.832
32.569
50.14
48.387
54.736
40.386
13.97
46.402
46.16
80.462
78.39
50.092
42.062
33.491
46.509
37.319
55.486
18.496
71.862
12.795
57.849
4.289
1.535
96.897
50.858
71.805
4.1
39.83
56.699
9.926
51.392
21.51
15.753
25.775
51.63
7.056
29.041
74.611
81.041
62.15
47.979
69.806
37.647
24.038
69.511
12.836
69.829
55.888
27.835
51.526
54.516
59.905
25.11
2.788
52.08
68.715
61.259
33.379
86.703
49.533
39.665
83.694
19.158
64.662
11.308
46.418
54.186
84.674
91.265
56.123
45.23
46.429
21.614
50.801
72.235
28.534
36.458
13.175
11.157
63.083
49.862
14.389
80.972
80.661
60.204
45.192
53.473
37.74
47.17
5.474
76.324
0.926
22.598
67.057
98.88
46.858
32.46
58.576
64.649
26.714
39.931
55.992
30.037
70.092
62.355
95.81
92.113
18.983
38.788
29.91
13.408
1.772
35.359
81.243
6.257
53.476
51.463
64.314
10.212
17.8
2.839
53.025
30.855
57.804
34.27
81.333
71.056
22.708
45.572
48.005
43.7
46.706
51.035
4.852
46.665
93.494
63.884
54.15
27.569
38.076
45.425
68.121
16.334
64.985
70.411
50.613
56.188
45.057
39.179
54.189
60.616
69.994
63.966
17.602
51.985
51.691
18.76
77.177
93.729
51.81
20.539
59.338
49.343
73.554
1.825
57.404
85.354
45.354
23.705
37.599
27.887
21.586
40.772
29.338
18.401
6.185
36.43
55.739
5.082
97.833
24.019
45.376
14.962
28.785
50.114
14.546
67.123
22.41
49.154
49.879
58.887
33.26
68.8
31.728
87.731
22.043
64.346
90.37
59.13
13.747
55.49
17.677
73.322
52.185
23.752
53.588
44.383
84.54
51.671
49.958
25.757
60.152
32.285
53.207
40.486
13.32
82.942
76.516
48.4
67.293
24.231
45.496
56.742
16.777
33.942
36.019
98.467
5.25
90.341
42.616
27.887
57.609
43.458
48.249
71.643
20.252
75.299
23.451
55.878
66.359
62.377
39.273
43.029
66.559
47.258
35.688
82.025
24.662
67.234
51.919
34.723
67.223
54.554
67.26
49.725
46.215
2.712
47.567
36.784
50.344
4.963
65.566
33.083
57.386
28.239
60
24.123
51.465
57.742
68.999
85.248
53.259
66.998
26.102
17.838
16.563
41.24
40.99
52.547
51.21
61.472
86.135
73.646
2.097
51.691
77.932
77.52
35.189
69.214
42.273
25.258
8.355
60.937
79.948
48.127
42.598
5.904
75.757
22.665
38.605
40.85
52.496
67.201
79.606
21.967
19.516
34.045
61.271
67.144
10.584
47.604
77.21
69.81
30.44
77.784
92.407
48.636
1.291
26.947
51.3
14.296
40.736
53.919
31.881
76.62
75.541
59.249
6.32
68.515
42.661
76.137
94.903
45.393
46.943
48.052
39.652
51.155
15.086
85.267
57.227
19.641
29.57
95.97
46.352
46.296
73.579
34.047
16.415
58.95
31.8
53.862
35.726
44.166
83.644
57.641
32.555
22.04
51.957
51.53
44.81
48.959
76.459
37.495
64.15
50.139
97.054
41.097
94.351
66.647
17.067
60.631
10.588
19.872
66.197
51.979
50.039
61.69
64.351
51.645
54.651
12.039
61.329
50.22
40.799
68.966
37.163
42.454
51.889
46.349
95.833
9.136
55.944
81.791
18.437
44.541
56.501
53.45
32.065
68.308
3.648
52.384
59.738
68.536
39.322
48.538
70.617
47.496
74.87
21.033
33.744
48.722
51.021
88.11
71.793
45.677
81.607
38.514
61.769
23.437
75.568
34.199
75.208
13.896
57.112
29.765
43.725
57.106
29.883
21.499
61.447
48.01
98.327
41.484
73.776
57.095
19.239
46.045
64.12
58.98
33.121
57.244
43.425
60.55
54.017
72.083
43.471
72.157
35.201
66.197
51.652
93.839
74.27
62.412
17.829
92.601
11.898
2.573
82.857
70.759
40.641
13.68
39.218
17.861
64.164
37.238
61.353
17.117
78.253
49.177
45.64
49.546
17.202
55.61
54.555
64.099
58.257
44.984
67.776
60.964
4.122
18.333
57.948
87.996
60.641
10.811
61.261
54.391
67.688
67.335
48.814
54.918
31.328
69.239
45.915
76.851
91.41
48.793
48.385
75.503
66.389
49.841
38.473
33.866
53.758
36.918
51.787
38.158
45.302
61.684
24.233
37.705
49.12
36.377
54.148
61.62
77.303
42.772
42.174
31.282
56.772
51.952
52.804
31.158
63.208
43.681
62.937
85.722
84.796
59.431
56.064
86.992
89.253
69.206
67.919
48.612
74.153
54.959
36.753
0.962
43.615
39.824
74.259
74.831
42.364
82.525
54.983
41.795
43.622
83.158
54.438
43.924
4.801
25.708
91.632
77.062
42.693
51.059
19.511
30.951
60.021
56.99
34.701
76.622
75.402
1.769
17.303
53.231
72.839
64.238
7.934
25.523
58.383
57.582
68.639
25.516
76.214
17.381
68.987
53.942
93.871
38.099
39.389
82.612
50.953
38.538
27.226
35.637
40.009
18.096
66.119
56.353
75.615
65.306
89.187
53.565
16.815
45.51
63.756
32.745
13.301
14.979
0.639
78.7
49.107
62.598
23.287
17.157
53.927
69.427
33.593
94.487
73.022
28.063
46.569
83.459
50.584
74.835
33.531
84.06
60.804
0.092
15.621
32.869
67.358
22.805
39.324
42.431
74.042
74.637
37.463
50.008
50.564
61.306
48.5
61.568
78.938
72.07
47.018
44.95
32.17
38.67
21.234
84.924
61.286
23.348
52.484
49.028
0.968
43.162
84.711
81.081
39.129
28.098
66.45
89.38
44.356
47.517
43.492
10.026
72.122
17.901
52.894
48.095
61.565
10.16
93.83
56.356
64.07
49.559
63.187
40.755
25.233
20.679
55.451
60.582
81.033
54.102
96.418
35.193
7.026
95.109
9.622
11.245
35.796
55.641
95.513
55.185
35.111
80.691
43.72
54.146
36.631
21.205
33.522
31.187
14.743
50.712
52.047
46.331
57.724
12.192
12.751
92.449
57.383
24.154
17.373
83.534
64.52
54.501
31.973
51.759
43.939
78.064
63.44
82.829
50.198
78.565
62.038
9.763
1.898
39.838
27.938
54.221
60.261
49.946
21.83
85.819
53.097
62.538
4.843
66.221
53.578
64.369
89.622
17.789
53.196
76.532
34.485
76.143
2.82
62.417
79.78
49.881
91.685
76.282
63.784
51.929
63.525
59.528
54.413
90.61
10.96
67.999
26.383
59.636
55.936
48.944
64.581
46.462
93.532
37.67
53.712
45.208
60.422
63.821
3.902
40.342
66.667
37.014
11.307
22.611
3.352
37.452
23.757
38.664
5.866
74.898
13.217
29.899
77.356
88.404
11.276
73.02
49.936
45.017
48.543
52.013
55.363
74.757
33.084
75.434
54.884
66.024
18.742
27.836
40.895
60.286
45.745
60.232
66.708
45.008
20.496
76.362
47.619
73.542
50.172
64.529
49.539
5.046
34.035
64.957
77.757
79.307
47.77
36.885
32.45
0.237
22.107
56.449
35.519
55.644
93.444
60.913
75.291
55.154
19.242
69.157
90.16
51.443
38.832
47.543
41.395
17.897
51.868
41.67
94.664
47.191
61.344
55.706
46.309
87.405
37.346
14.003
68.033
64.292
42.87
8.446
12.031
12.165
16.271
54.553
84.997
42.873
53.278
0.247
47.263
64.92
34.805
27.354
33.298
42.927
54.347
78.757
7.966
44.746
29.141
58.649
71.288
56.865
12.053
19.197
43.586
50.101
34.683
61.317
17.061
31.358
15.852
30.226
64.73
29.899
75.468
21.445
33.991
69.819
9.891
5.353
70.139
78.629
48.074
70.703
91.038
48.13
7.627
5.177
39.637
47.074
46.388
32.858
31.978
49.086
60.239
91.208
10.814
17.967
50.073
93.968
77.469
13.051
34.075
58.918
52.376
64.097
51.082
58.964
1.884
47.795
55.141
62.248
64.274
56.881
62.178
23.164
4.583
55.994
72.895
11.585
29.096
46.699
34.443
37.458
25.557
51.572
87.936
50.169
39.709
5.576
12.879
52.671
73.974
56.169
84.717
63.64
67.207
57.465
55.088
60.663
76.32
30.45
47.051
52.086
56.276
53.815
43.755
51.104
59.328
52.596
74.538
62.605
44.304
53.02
62.461
64.693
25.882
76.75
46.814
48.47
44.786
49.299
26.839
33.232
43.967
71.924
55.288
94.513
57.201
89.807
19.253
35.174
65.498
66.469
35.754
62.921
59.025
60.067
51.352
44.977
53.617
8.014
36.209
11.682
38.35
61.223
52.971
95.339
82.543
86.209
75.103
51.206
63.472
44.774
37.736
25.847
39.301
36.167
64.023
40.757
7.951
37.896
72.474
14.772
50.194
63.078
21.003
50.287
72.283
59.571
63.24
56.768
42.888
76.117
53.186
62.048
20.552
37.201
27.795
89.682
66.635
51.067
0.864
11.787
67.874
57.032
76.99
62.534
14.945
52.84
32.11
89.346
40.109
67.317
60.246
92.027
59.957
6.294
16.846
43.763
69.408
61.145
21.197
86.754
73.015
9.877
82.338
91.357
63.297
58.87
59.736
45.922
22.01
84.676
49.87
43.114
89.421
54.651
34.061
52.784
51.536
30.6
37.789
46.517
57.328
19.755
94.628
23.246
45.541
48.637
72.367
11.765
54.792
67.628
41.886
27.392
19.773
56.481
53.006
9.532
27.092
80.407
55.065
38.073
48.748
9.808
98.668
88.864
31.91
20.816
52.928
80.913
90.809
28.589
45.641
13.518
26.443
75.59
50.436
66.705
63.39
28.448
18.953
45.003
37.869
75.139
76.637
26.664
76.706
69.121
35.001
45.494
49.484
79.692
50.201
77.799
10.402
62.583
25.893
35.146
49.786
46.854
85.04
35.741
71.852
62.642
54.969
22.133
19.152
37.236
38.419
13.58
71.686
85.35
66.784
89.194
63.954
52.425
19.132
50.956
85.884
78.041
94.855
68.182
56.585
33.383
50.937
23.391
13.718
56.845
42.009
97.069
73.828
53.958
54.652
88.115
44.691
44.861
90.71
22.25
54.182
22.537
52.035
78.815
36.691
60.749
75.757
17.415
68.414
61.604
58.176
22.15
44.087
30.523
43.537
79.372
9.225
36.28
35.417
65.218
26.502
62.799
73.769
70.034
33.443
9.948
75.217
33.168
45.551
73.363
67.769
56.473
83.107
60.903
37.934
31.156
53.154
93.839
62.879
72.047
95.895
39.49
24.414
41.069
61.601
80.643
96.914
51.188
74.481
46.588
97.372
74.592
68.363
7.695
72.169
16.687
51.417
67.612
45.964
30.003
43.603
76.746
69.996
52.89
92.042
69.072
83.805
49.558
58.768
52.002
54.504
56.028
44.56
36.098
18.596
51.451
47.316
51.739
52.578
56.928
57.251
28.766
26.622
86.964
80.632
24.176
69.157
54.73
85.485
71.622
58.379
44.881
47.046
6.738
32.98
68.107
71.457
95.399
46.161
38.045
96.794
51.555
77.197
57.344
44.754
25.898
51.541
50.242
71.25
25.383
27.16
62.325
41.987
37.181
61.457
48.062
29.868
77.294
52.823
33.547
52.616
34.99
64.725
17.582
30.973
26.85
57.376
89.758
75.313
76.799
65.169
49.966
65.202
76.154
93.326
20.798
93.934
13.775
42.717
37.573
67.438
38.006
33.111
15.272
78.437
56.437
77.898
78.43
16.045
61.787
9.776
60.504
96.474
94.47
86.888
7.499
50.121
41.102
68.426
23.264
54.784
66.878
28.203
56.973
36.712
26.129
52.828
55.989
75.507
63.362
78.973
72.232
89.822
78.658
55.279
29.873
70.534
55.528
98.978
80.011
13.057
11.396
90.551
11.816
8.696
80.914
27.61
39.163
21.972
21.345
35.321
28.337
60.261
71.67
47.692
38.951
83.187
34.606
8.018
82.664
77.486
81.397
84.282
36.78
60.454
57.687
36.649
48.419
17.272
62.769
54.415
6.017
64.193
15.858
40.46
46.134
33.607
5.624
29.334
33.719
42.847
46.639
13.075
56.831
0.344
2.369
33.466
48.711
29.598
43.146
42.405
50.149
31.569
19.622
85.75
9.013
89.519
52.38
86.829
18.964
1.375
83.865
27.284
38.998
47.184
21.372
18.32
36.4
36.948
53.503
59.535
55.059
85.361
81.953
33.781
18.979
54.245
7.731
84.34
68.245
82.314
38.333
72.259
47.644
53.009
23.701
66.937
84.253
36.912
60.966
11.812
49.209
51.225
68.893
38.325
41.72
56.738
90.307
14.717
52.63
44.658
58.584
35.028
72.941
93.01
25.595
44.185
66.728
97.311
42.21
95.375
34.773
7.676
78.154
83.406
35.304
35.178
50.304
36.969
85.07
47.266
44.337
42.687
44.515
84.353
29.186
56.584
81.689
61.125
58.962
13.899
72.486
31.607
92.405
52.737
40.266
43.828
44.596
43.664
34.075
49.712
96.859
88.349
19.427
37.777
45.234
57.336
90.702
59.002
69.228
50.123
54.289
57.987
41.997
17.447
86.71
37.904
42.795
49.751
52.911
97.518
56.403
61.989
12.137
1.158
54.38
27.435
26.749
17.557
61.057
75.147
95.932
0.381
38.584
87.973
44.47
4.903
4.323
67.861
29.052
44.49
51.622
59.279
8.133
4.641
42.236
8.089
72.397
48.242
51.133
18.899
48.703
41.913
7.898
51.326
37.401
85.848
39.49
90.344
42.899
81.742
81.785
36.585
52.839
33.472
49.397
48.262
36.319
79.82
9.123
26.553
51.435
70.531
9.533
60.902
28.299
76.159
69.841
71.481
20.582
55.584
81.415
50.555
95.192
58.016
24.695
50.129
54.383
35.937
44.116
77.48
44.273
62.139
15.638
91.636
26.678
87.033
72.142
87.133
26.118
50.279
29.723
49.856
62.628
62.382
51.463
70.99
45.467
58.438
74.818
84.181
51.849
66.225
38.679
50.522
66.285
33.371
73.332
15.716
20.207
28.679
48.261
63.99
55.421
54.468
27.137
16.628
69.238
57.388
43.175
9.039
52.088
38.954
43.252
62.681
45.163
69.79
65.864
77.268
58.753
48.054
54.12
61.104
33.673
81.393
63.971
38.75
40.139
23.259
44.981
48.085
59.926
79.882
45.085
74.149
75.918
47.355
45.41
92.02
52.631
72.445
64.6
88.992
66.861
71.988
61.104
75.753
41.423
73.376
88.735
12.733
17.04
47.921
50.361
34.841
55.329
65.36
76.351
92.249
60.629
39.258
47.057
64.248
4.455
23.587
20.405
46.236
37.739
62.824
21.117
58.079
43.29
60.299
60.044
72.632
62.837
38.411
24.368
45.229
29.059
30.153
49.245
5.219
18.775
31.041
89.178
66.602
48.309
43.381
38.406
51.758
51.176
47.738
67.016
41.62
29.371
90.841
36.279
50.345
45.616
26.037
19.134
31.614
30.664
41.687
52.548
55.319
94.675
18.666
43.692
29.344
91.961
28.357
66.933
46.756
48.856
45.363
60.822
2.638
48.286
47.647
60.683
51.971
17.564
56.206
21.092
56.918
48.168
72.854
79.093
45.146
21.162
24.913
53.495
12.443
83.673
1.249
44.917
76.03
74.229
17.356
12.093
65.025
68.881
74.577
96.563
78.087
53.652
7.616
97.158
22.343
33.86
45.062
43.65
53.042
34.717
67.525
68.551
85.498
56.331
47.098
46.867
80.335
64.593
64.061
74.412
58.252
47.589
13.18
43.524
96.338
85.569
32.104
66.362
45.489
35.791
44.741
49.456
70.656
27.899
46.649
50.881
54.696
36.274
76.301
63.653
68.255
88.226
56.944
49.007
32.503
35.861
38.4
49.085
2.783
11.424
78.625
47.428
97.754
58.134
6.045
81.012
12.783
70.404
81.29
38.487
71.681
72.791
87.101
77.885
42.07
43.953
35.838
84.644
18.089
76.456
70.172
49.3
73.647
42.621
17.87
59.515
40.594
8.71
39.955
52.54
8.973
90.38
27.77
28.651
63.598
89.222
82.329
53.021
28.091
61.108
54.755
6.469
37.17
4.038
64.348
49.798
74.29
95.744
38.602
33.301
84.235
66.095
91.198
34.08
56.772
22.558
87.588
51.453
52.656
48.631
20.823
57.618
53.043
68.621
35.7
88.584
45.967
42.869
75.292
69.071
71.384
27.596
45.554
71.336
3.903
42.378
20.014
79.631
44.195
57.96
53.137
71.38
69.815
25.197
42.932
71.448
5.562
58.318
22.814
55.902
97.048
12.996
46.789
51.813
69.385
73.624
51.456
12.961
33.347
60.263
80.235
32.041
6.883
46.116
9.567
63.961
41.182
65.414
49.156
36.281
82.116
7.151
82.277
89.232
0.29
91.823
53.344
24.665
21.227
84.728
31.063
69.475
39.405
41.697
33.605
45.488
37.295
53.35
48.651
14.15
56.751
26.947
71.68
57.636
10.551
31.62
21.293
65.843
45.491
43.869
64.885
69.414
69.707
76.114
32.567
28.194
85.322
23.55
81.607
54.411
78.34
59.886
65.314
31.278
59.864
85.61
41.297
40.771
53.493
76.222
59.161
63.683
31.937
44.507
86.171
35.242
91.347
45.35
64.88
90.897
90.911
89.953
51.175
57.561
88.515
9.247
87.633
52.491
58.399
42.496
12.007
37.561
44.25
80.691
89.863
9.852
93.484
27.974
48
57.11
68.36
33.365
44.053
35.177
45.515
32.034
45.877
80.899
37.769
40.233
61.4
26.819
47.851
56.554
78.145
84.759
50.374
56.73
75.542
43.356
32.351
82.118
20.286
45.909
1.651
87.84
49.984
26.416
64.919
36.804
28.164
53.994
53.211
61.668
31.611
42.93
60.922
64.51
47.324
50.556
73.794
91.069
67.143
54.999
4.266
51.562
34.611
50.526
56.976
56.623
18.579
49.071
76.605
49.236
53.235
38.412
44.115
12.888
32.535
82.535
67.028
54.055
27.55
27.386
60.143
50.131
58.529
45.091
43.36
45.824
56.711
78.533
25.94
38.979
34.569
49.094
49.532
48.309
66.139
39.569
49.475
31.248
58.246
25.554
93.006
98.397
43.951
1.552
22.692
59.209
2.097
70.766
60.166
51.469
27.933
46.269
61.651
37.707
50.203
46.058
50.141
69.781
35.946
59.012
18.018
65.412
36.775
95.608
97.959
22.958
90.517
75.459
1.806
31.525
48.721
39.091
52.002
7.178
42.855
91.5
36.323
76.841
69.318
44.278
57.48
96.309
31.937
40.408
74.14
63.018
16.703
52.526
15.269
77.49
19.745
40.744
22.621
64.998
48.99
60.349
32.301
54.536
76.799
57.298
44.917
57.109
31.401
77.899
66.573
10.383
51.749
86.964
82.221
43.775
50.163
84.991
42.223
42.211
80.755
65.138
58.484
27.858
50.007
36.968
58.849
75.681
46.765
57.527
64.142
47.402
17.393
12.413
74.67
35.996
58.022
52.795
9.949
85.017
6.126
44.755
75.025
35.845
47.141
90.624
64.683
35.042
37.694
73.031
82.188
46.583
43.296
74.267
55.73
86.628
43.832
11.299
36.175
25.918
44.508
22.871
82.457
19.348
43.743
85.373
19.969
91.259
82.044
84.658
33.088
12.576
0.191
23.102
55.93
53.542
72.933
63.919
72.825
12.614
28.534
89.037
50.809
37.113
94.32
40.15
30.931
48.106
68.87
44.004
39.185
67.939
17.895
48.523
85.015
24.82
48.656
55.543
81.309
25.165
38.365
63.822
26.643
83.13
32.077
47.602
56.614
29.82
55.28
75.335
84.973
32.783
56.566
15.69
67.07
82.026
72.356
2.332
11.636
6.657
0.149
69.525
78.851
38.771
49.004
17.388
61.033
36.097
27.617
49.644
51.274
45.099
48.077
64.94
95.907
48.901
87.631
41.962
43.092
43.852
39.79
46.138
98.988
35.245
20.167
58.407
50.13
10.651
20.261
77.583
61.258
79.365
42.5
60.351
71.171
26.431
63.959
41.221
64.94
48.157
50.246
46.139
10.526
83.479
67.139
58.308
47.118
84.983
43.986
62.808
24.722
30.823
55.453
50.432
96.775
59.536
56.074
82.152
38.53
51.429
20.098
61.402
59.625
54.93
54.493
42.887
34.242
8.262
19.359
53.201
54.236
22.557
60.048
76.189
72.822
58.708
78.728
28.934
73.94
40.82
56.507
54.936
65.132
48.263
20.677
83.804
28.957
43.465
75.087
32.718
22.676
4.968
78.928
46.137
30.923
54.243
74.122
30.448
71.951
58.575
41.528
35.449
28.86
39.54
92.763
50.183
12.758
93.516
74.962
5.406
45.925
94.308
59.523
13.381
2.863
60.524
51.124
43.792
57.456
44.118
57.338
98.104
14.316
21.328
89.73
80.954
73.42
66.379
44.049
30.467
30.807
24.739
26.056
17.747
50.119
46.159
13.487
45.772
18.024
44.205
26.392
18.093
36.939
30.63
8.806
29.932
46.214
85.401
76.058
19.908
48.512
85.932
44.034
44.097
22.09
49.998
44.925
5.927
12.443
42.801
27.567
45.982
60.691
48.945
57.666
74.207
71.452
3.382
6.093
47.015
47.711
60.884
45.667
76.115
57.229
47.2
56.582
20.125
63.966
54.214
56.099
72.201
21.538
46.481
55.086
25.385
16.797
78.238
44.443
59.257
41.586
95.227
31.887
51.634
27.455
13.355
65.489
55.778
79.456
43.686
78.487
46.231
36.634
53.415
55.079
67.228
62.363
40.395
29.901
30.625
15.021
23.651
22.614
46.608
83.047
1.327
13.014
68.495
44.569
33.915
34.518
79.213
72.277
48.385
47.955
40.432
32.333
66.338
65.515
62.615
38.172
76.38
31.926
18.225
67.621
84.976
3.299
65.804
54.597
63.058
19.076
63.009
80.055
52.978
47.82
61.752
37.341
28.641
46.656
16.427
64.565
81.113
50.877
74.113
51.228
4.92
49.65
40.56
39.446
41.471
55.526
47.522
57.228
40.062
26.365
45.971
58.717
11.53
36.359
77.584
25.23
34.454
37.424
0.291
73.375
13.147
57.367
58.234
30.773
59.401
41.711
45.145
21.386
34.226
39.277
77.951
63.823
52.631
60.722
71.454
45.218
44.793
37.728
63.299
30.972
61.972
61.77
25.802
10.016
66.848
57.17
90.259
50.406
36.675
14.064
39.542
47.105
16.345
91.914
54.675
54.034
68.106
21.911
25.258
56.776
16.059
58.329
75.723
26.67
49.103
95.257
83.379
92.015
50.852
52.91
55.613
56.75
75.247
43.006
26.166
85.771
24.981
59.182
61.408
73.439
46.33
14.932
37.374
87.769
22.182
52.878
38.952
78.697
49.13
48.335
60.666
92.611
72.741
15.966
60.49
25.414
38.931
95.064
57.411
61.922
52.417
56.704
83.766
26.698
5.7
0.35
65.661
54.927
22.774
45.686
89.998
51.183
51.341
71.962
28.825
13.306
32.614
61.001
13.859
73.066
73.439
84.043
41.779
44.214
68.369
48.94
47.859
0.573
90.666
92.218
0.72
49.093
2.343
35.212
38.033
27.836
25.562
39.308
26.785
27.707
25.239
88.289
43.915
47.729
10.335
60.222
20.68
41.068
74.466
68.821
34.134
11.65
87.291
57.824
11.662
95.708
37.378
40.984
78.769
27.097
15.004
42.336
57.119
47.684
59.614
74.801
28.597
73.855
62.425
42.738
61.352
58.905
72.28
71.534
31.051
75.001
17.56
97.739
54.331
75.686
50.291
51.392
53.608
34.494
53.943
11.919
46.542
56.734
69.835
21.73
38.75
49.407
29.428
68.301
20.347
56.655
37.85
80.809
73.36
77.921
41.691
52.29
14.747
75.098
25.503
51.874
42.16
7.141
62.264
42.239
74.951
78.536
40.469
74.063
64.432
88.738
15.247
46.082
68.757
49.319
12.96
37.412
54.148
48.375
12.978
47.806
56.708
50.177
89.552
78.457
70.84
71.853
80.51
77.189
76.243
52.358
40.81
28.894
37.796
15.909
75.18
25.209
43.645
44.319
34.341
76.856
4.683
76.418
27.108
47.354
49.827
87.03
47.726
55.378
89.648
49.553
30.487
51.371
97.129
42.589
22.614
87.441
18.939
89.299
16.565
27.184
43.802
32.756
25.861
74.075
30.441
64.528
42.031
56.751
18.625
48.456
74.598
41.822
17.695
27.853
37.903
66.278
62.03
90.401
29.333
3.195
51.209
38.816
45.368
23.295
4.914
73.603
90.839
32.157
68.957
3.509
45.247
16.901
27.142
34.538
4.295
44.504
61.142
58.868
8.26
45.207
68.694
81.092
81.79
81.895
57.853
52.536
58.781
60.46
35.508
25.786
64.244
13.59
38.642
79.47
48.049
67.595
64.758
85.416
8.793
71.077
30.351
49.5
72.203
4.128
90.004
60.492
23.311
73.662
48.701
77.818
61.171
11.17
53.569
87.024
97.667
42.19
26.996
77.291
51.582
20.41
57.964
42.942
41.523
62.904
25.946
52.815
65.932
23.293
63.966
32.9
48.218
51.792
71.085
73.632
43.962
42.44
45.475
14.209
26.296
45.389
58.233
31.914
16.867
51.191
94.13
70.884
54.053
47.305
50.771
21.233
72.394
43.87
46.985
60.486
21.918
67.045
45.117
64.496
96.612
88.445
79.971
75.774
35.297
28.843
36.876
49.212
31.637
89.813
15.088
44.493
54.85
21.244
38.46
54.113
46.812
73.271
66.624
56.049
62.114
67.18
89.247
54.219
82.74
87.451
85.121
51.273
46.686
39.56
23.788
57.774
30.711
77.633
62.694
47.859
66.117
75.199
39.535
72.826
76.987
78.846
69.205
13.004
25.136
72.676
37.552
50.554
35.074
87.096
56.781
38.305
48.729
75.797
18.616
85.953
48.267
44.432
30.184
31.993
17.485
3.393
74.656
9.326
43.838
67.256
54.534
49.497
37.808
33.7
20.085
62.185
5.826
88.131
87.302
68.872
43.608
67.479
79.617
83.497
12.804
43.352
79.196
65.702
50.257
15.511
18.393
41.262
46.41
87.556
17.32
32.729
13.563
58.442
76.346
67.499
63.927
29.162
12.353
45.852
85.452
79.655
52
39.978
47.82
63.008
95.684
66.965
42.183
7.119
86.889
3.636
51.596
45.972
6.206
30.543
89.096
83.459
61.43
19.931
1.122
77.023
42.007
60.688
73.804
72.192
72.35
53.745
32.23
40.081
5.33
68.236
63.084
60.01
38.279
30.283
25.155
23.078
70.048
36.884
44.348
62.806
30.92
71.19
46.981
49.074
21.987
46.682
81.808
5.112
36.162
65.395
64.169
71.783
52.862
87.129
61.656
54.672
89.585
42.981
81.839
62.517
49.279
3.054
66.123
38.896
18.701
12.969
6.621
22.868
14.628
17.709
9.364
72.758
64.733
50.447
85.557
19.121
60.539
21.137
62.815
72.769
79.354
97.91
87.711
11.128
42.504
65.051
38.349
60.038
35.07
13.11
42.325
41.797
84.744
37.415
81.716
49.128
29.779
7.855
0.906
88.45
25.24
89.862
27.032
33.4
87.82
58.069
42.626
45.206
48.35
22.501
58.214
66.041
69.442
28.99
40.301
49.833
51.007
71.228
21.184
20.46
61.859
41.524
51.634
39.696
8.709
44.282
81.245
63.7
5.785
54.324
66.327
33.644
79.759
18.064
52.163
15.119
15.726
50.253
58.807
68.425
65.401
50.349
67.616
98.29
53.825
31.846
34.982
52.051
52.295
67.629
91.932
75.885
39.764
10.052
72.647
42.452
54.034
89.188
64.104
45.692
17.332
48.81
16.176
44.548
27.505
44.455
77.081
54.334
60.936
36.919
37.59
61.205
54.497
60.488
41.014
90.572
34.703
9.471
81.165
24.3
74.996
43.473
50.225
38.385
47.584
34.639
60.067
26.438
32.147
86.303
9.651
32.816
31.215
57.679
55.733
12.016
61.411
27.431
49.152
15.845
55.693
62.276
76.315
21.341
40.573
15.633
51.471
68.799
57.481
84.429
71.901
3.727
7.892
68.787
80.577
15.078
40.11
84.371
35.771
14.139
47.939
59.421
71.116
75.142
6.59
37.892
43.888
48.654
95.004
26.022
40.645
70.894
25.978
56.373
68.514
31.047
90.473
47.609
82.125
3.139
50.236
49.999
24.466
30.96
13.307
42.717
35.235
60.072
35.672
91.377
27.457
18.962
50.778
30.956
37.279
52.717
48.746
38.996
32.638
51.129
39.42
65.181
17.338
26.95
33.739
96.607
73.952
19.711
46.19
23.295
72.502
76.445
53.639
37.798
59.303
53.939
11.894
47.084
71.624
38.057
41.612
40.279
47.851
56.422
43.411
64.284
24.913
32.648
50.678
93.416
66.209
44.941
47.343
74.707
50.141
43.731
88.09
54.876
38.618
5.625
74.028
10.837
63.385
29.131
61.07
49.175
51.118
62.574
86.5
59.93
37.461
35.407
65.344
31.919
55.633
70.12
40.163
88.385
46.237
39.35
42.425
12.494
4.699
55.737
27.565
94.794
62.598
57.677
37.506
51.135
48.794
63.343
45.498
94.299
8.397
67.987
75.058
8.793
37.232
65.584
90.405
45.792
21.832
92.193
15.154
61.295
24.254
10.167
65.915
27.961
73.179
65.837
1.134
49.012
14.735
65.43
54.904
15.104
19.377
20.523
71.425
55.12
54.603
86.25
90.865
57.236
43.646
55.828
39.844
78.636
83.867
15.776
94.477
42.156
42.908
34.355
43.267
26.04
49.237
71.157
38.107
65.902
46.607
52.848
28.472
31.532
67.614
73.691
15.856
39.609
46.994
76.158
27.796
60.607
89.516
77.977
81.843
83.808
69.243
31.765
73.034
2.25
15.633
45.769
66.421
48.849
65.505
25.377
30.251
23.164
38.327
43.137
35.048
74.702
33.523
50.039
21.776
49.724
66.029
53.352
50.721
62.747
20.792
55.927
54.73
31.446
44.603
33.597
67.5
77.553
51.308
86.219
34.659
59.349
57.134
32.916
36.204
22.763
81.697
86.201
48.996
48.83
67.692
64.058
39.745
2.621
58.087
67.296
47.297
3.895
63.33
20.762
32.587
45.111
33.886
67.969
12.501
36.222
35.298
59.68
43.541
58.795
56.393
36.307
70.575
67.274
84.236
54.046
51.447
2.188
90.731
76.173
65.905
45.845
48.476
41.644
33.513
19.341
63.478
20.517
23.062
89.91
74.036
8.004
45.884
45.601
94.301
6.358
60.164
53.26
58.216
19.787
35.338
51.418
18.866
64.001
67.261
54.591
38.647
56.863
67.748
54.218
73.401
5.005
93.236
23.655
61.762
48.201
76.867
53.243
35.031
28.435
50.126
1.799
80.22
46.118
0.351
26.84
45.406
84.751
81.694
52.813
52.228
61.797
57.56
0.547
40.922
50.399
39.472
1.193
91.339
76.391
46.669
44.597
54.694
64.341
20.573
46.789
68.553
72.603
74.811
22.459
84.484
97.583
32.995
64.196
36.254
43.862
47.957
72.139
72.772
40.413
54.944
47.229
49.387
62.389
7.264
61.958
81.128
28.887
67.55
54.058
61.148
18.664
10.681
34.101
86.364
55.73
41.056
40.431
26.922
2.982
54.861
12.305
55.828
56.884
46.84
85.647
43.932
44.49
77.856
59.902
69.6
52.082
60.243
37.557
68.317
45.494
71.054
71.489
73.19
29.074
62.57
11.985
72.585
75.383
48.682
17.915
35.982
52.867
78.861
46.31
53.041
45.422
72.051
53.066
65.822
26.801
64.442
26.847
0.767
86.392
94.091
42.826
96.978
50.858
42.352
16.224
57.735
45.105
68.324
60.245
27.063
81.471
43.169
45.121
10.752
57.139
83.823
54.409
29.399
52.494
82.588
84.604
37.704
46.806
67.571
55.481
50.056
17.543
61.633
66.387
85.036
48.325
21.91
73.18
54.979
45.996
47.795
25.723
27.695
47.443
59.229
53.223
32.341
33.511
60.773
16.089
0.017
49.6
19.696
88.337
37.884
86.272
37.801
32.322
63.567
20.15
48.407
74.673
85.745
66.346
49.018
62.399
38.122
22.766
47.356
40.825
48.955
59.715
83.52
23.345
8.513
18.612
34.652
51.181
22.224
31.626
40.683
78.05
56.596
37.209
50.284
43.712
70.956
45.946
94.592
51.628
62.762
42.691
68.362
33.018
18.553
73.105
58.981
39.737
56.02
83.162
32.653
51.326
55.168
36.645
58.21
54.736
45.565
95.861
25.648
93.055
50.505
92.012
43.834
76.343
49.523
59.455
49.882
43.016
17.497
60.505
25.79
58.261
71.616
46.477
51.353
49.018
36.902
8.589
41.769
49.899
74.694
90.704
58.212
13.908
96.344
83.814
44.204
18.301
29.29
17.339
20.757
33.993
42.483
73.091
49.75
56.967
31.158
44.678
66.507
40.063
9.131
55.151
45.642
72.308
53.331
11.446
36.744
49.466
37.886
57.756
38.194
58.796
7.719
64.604
51.285
42.021
38.278
13.411
38.233
4.242
96.161
52.056
49.095
88.323
41.247
40.963
21.656
48.231
0.757
45.112
37.025
52.102
6.862
68.882
62.469
81.636
44.899
76.388
29.59
29.453
45.375
45.165
79.013
65.572
82.715
46.084
61.489
50.979
60.489
61.693
61.049
50.252
49.348
43.937
56.78
49.581
46.847
39.189
10.287
47.164
42.437
36.404
45.924
42.515
43.385
49.021
37.13
77.422
52.121
55.742
47.595
58.436
81.611
78.689
49.802
74.213
84.829
62.618
56.236
77.563
57.458
50.191
9.928
97.921
92.798
38.141
50.021
82.986
27.387
54.662
54.937
90.006
33.521
63.133
30.443
31.95
93.109
63.405
49.955
50.124
98.118
27.694
45.667
51.474
54.316
80.145
76.894
47.515
83.495
34.561
51.951
64.085
82.474
95.633
72.086
39.208
6.456
53.465
36.852
31.842
49.508
50.508
33.475
16.175
27.076
70.802
46.794
12.155
45.241
45.81
31.366
75.725
79.048
91.707
45.435
39.235
53.571
10.898
30.64
64.637
34.715
57.318
84.64
35.314
64.11
51.417
80.07
36.055
45.426
19.566
93.897
94.264
51.572
15.376
98.021
81.882
3.945
4.132
49.325
7.721
28.636
91.287
56.357
12.559
66.875
33.274
52.774
69.834
12.479
63.936
66.759
94.644
32.615
58.326
71.756
34.815
76.122
57.251
68.27
28.396
45.145
1.677
14.25
59.781
77.964
87.591
64.158
26.174
70.585
58.372
52.214
23.653
27.496
72.406
59.049
54.794
65.378
29.204
53.528
6.881
23.266
27.152
31.312
48.261
25.743
18.391
74.249
10.833
53.19
94.215
51.407
51.477
52.825
46.893
49.558
68.25
0.88
46.225
70.002
26.049
14.677
69.622
54.661
59.511
58.541
47.01
29.649
28.884
55.81
92.918
53.548
57.477
74.333
36.526
39.424
36.394
47.02
96.956
67.884
47.281
32.611
63.757
25.26
62.754
71.578
28.877
66.742
45.549
69.582
63.69
39.888
58.236
88.795
96.848
69.766
45.961
43.989
46.615
39.757
74.255
65.652
45.287
53.23
1.507
51.201
55.12
47.694
40.417
39.129
24.681
40.549
21.302
46.602
51.684
84.871
86.64
56.33
53.579
34.75
10.879
44.355
34.257
65.365
17.763
57.669
45.704
46.13
91.877
46.13
72.044
67.917
15.727
84.584
75.392
77.624
74.335
38.216
66.653
1.762
40.46
42.543
18.704
90.849
3.511
49.844
98.542
58.089
36.933
8.473
80.891
21.813
65.468
46.735
37.235
59.885
51.022
57.856
58.711
41.965
27.628
52.461
65.82
33.862
38.194
89.637
40.126
69.368
52.198
63.272
76.879
89.301
36.2
69.22
46.036
50.095
0.361
17.249
48.811
16.752
54.103
51.507
23.665
97.643
39.978
1.032
98.731
77.34
74.506
70.274
66.694
55.773
30.603
5.453
40.576
78.278
46.967
20.58
88.384
37.771
13.922
62.051
28.692
42.438
90.25
47.72
19.643
30.044
65.197
51.982
43.28
70.574
65.153
26.594
68.323
38.483
65.394
29.536
55.421
69.365
35.095
25.299
70.311
74.816
42.534
46.867
18.034
80.332
57.408
29.546
41.333
38.935
35.561
35.477
81.98
88.072
39.499
57.739
38.931
63.296
21.379
36.806
43.276
37.189
53.797
81.935
47.747
96.76
20.379
16.233
39.635
74.938
27.158
29.824
49.788
41.478
89.757
5.59
73.86
15.116
39.599
68.968
4.89
90.02
10.932
87.415
50.594
20.671
77.729
4.086
27.632
53.612
22.474
13.242
31.023
6.133
73.994
94.775
68.65
62.024
51.441
85.134
71.877
18.912
50.473
25.811
43.661
54.703
93.734
37.754
42.703
51.117
50.194
42.614
30.306
0.287
61.489
37.921
98.158
68.049
98.786
23.805
89.144
85.974
79.634
51.468
34.969
79.656
35.638
36.878
59.976
37.93
67.222
40.943
91.597
31.451
46.647
53.137
55.108
66.812
44.575
82.18
86.797
38.713
42.097
6.068
4.458
66.858
8.503
18.905
85.143
40.581
48.33
33.12
64.101
47.822
66.991
44.921
61.72
13.35
68.037
14.014
61.332
29.263
24.432
38.433
0.931
46.606
27.874
4.471
58.322
22.773
57.198
47.118
16.332
79.393
98.479
7.309
46.109
53.756
92.191
48.721
32.969
39.008
24.448
58.444
21.381
31.88
17.207
47.107
92.359
64.089
76.057
39.369
70.018
92.811
76.829
38.824
48.494
57.779
67.33
61.432
77.863
31.512
52.206
38.215
60.373
80.109
56.018
28.363
64.758
18.512
95.987
60.865
97.968
98.541
38.65
52.833
42.666
22.994
31.292
74.853
63.428
39.205
51.689
54.66
47.153
73.193
90.238
51.022
27.144
13.562
73.787
25.244
60.166
64.934
59.129
55.514
69.549
92.813
33.27
16.739
57.963
17.078
36.878
10.462
16.491
76.663
32.805
43.547
49.895
20.706
53.687
43.506
61.904
58.473
48.781
45.598
43.359
65.583
53.557
82.032
58.547
40.769
70.878
61.349
59.74
58.272
31.218
23.7
44.064
24.501
56.083
7.619
68.752
40.183
57.164
77.697
97.462
55.24
69.048
19.161
52.975
5.964
57.398
57.731
75.757
88.718
83.018
93.405
62.504
65.544
27.461
2.218
73.662
21.415
35.497
60.295
61.509
53.423
54.941
29.838
51.603
40.463
48.215
67.842
46.746
35.317
2.373
64.369
18.131
38.279
56.723
28.267
50.916
41.506
39.334
66.53
66.602
49.498
44.199
71.148
31.088
81.211
69.488
74.515
43.479
67.679
41.654
55.641
50.048
67.492
7.864
49.399
65.067
65.199
97.708
84.4
73.646
11.976
29.31
19.206
91.525
3.896
59.482
61.555
96.377
54.033
54.217
37.811
59.7
32.548
54.753
66.882
50.577
80.966
21.086
59.94
21.995
56.673
23.306
54.945
55.427
42.511
2.624
62.644
75.753
60.405
54.466
88.917
52.31
74.431
70.24
87.369
0.737
60.424
60.7
56.032
58.066
34.603
34.599
94.017
80.734
59.046
26.445
64.79
78.34
4.123
85.758
66.991
34.164
59.675
48.337
77.009
54.347
10.159
44.025
51.669
89.508
55.405
66.339
31.698
48.751
48.554
40.354
49.002
51.38
29.677
12.966
53.101
32.014
43.457
68.679
54.94
57.497
22.57
45.751
9.125
23.603
72.729
69.977
77.627
44.648
72.544
10.226
94.663
46.448
51.173
86.981
54.908
97.38
21.655
30.373
36.583
55.87
42.376
94.74
60.837
17.099
85.733
78.17
26.499
73.577
51.596
50.55
9.454
32.533
17.073
88.704
53.364
60.656
58.471
86.018
35.387
95.161
45.098
60.046
5.981
2.294
59.257
14.772
48.448
55.961
51.07
46.791
47.267
57.433
20.916
38.494
44.381
22.726
36.324
38.808
73.371
51.06
86.297
46.111
25.655
42.887
51.812
60.254
39.55
8.413
76.873
37.283
51.378
44.398
59.61
64.365
23.405
21.525
22.473
21.719
53.062
60.041
44.95
87.564
64.886
84.814
10.859
46.277
71.874
69.489
72.534
46.93
5.893
3.123
41.131
50.11
36.956
81.708
48.954
42.813
55.057
49.869
70.396
66.471
58.223
7.867
12.135
96.666
31.743
9.423
76.923
86.3
56.23
42.155
54.155
45.532
2.9
48.197
47.448
56.724
58.781
26.163
82.548
5.998
6.77
52.923
65.958
39.075
64.833
79.837
58.467
40.213
45.358
85.709
51.121
21.115
48.896
93.695
66.558
50.812
49.426
73.396
65.159
92.352
50.559
77.428
17.976
79.848
32.92
72.354
84.972
84.251
87.47
57.869
97.723
95.292
72.319
91.887
41.16
30.211
91.049
53.81
69.158
50.716
73.906
60.981
36.357
87.512
46.453
26.823
46.637
50.903
41.704
45.272
37.12
77.341
67.466
51.094
62.719
60.678
51.131
55.283
93.416
52.226
25.489
61.712
51.664
65.986
24.299
76.967
60.397
64.458
43.456
36.122
75.788
4.378
53.145
60.602
51.903
32.183
33.611
42.498
58.728
62.455
52.92
19.312
56.46
25.36
94.433
1.546
31.683
52.967
47.445
15.538
71.995
36.998
46.012
58.666
60.846
19.052
71.301
28.616
69.358
68.95
75.052
44.225
69.194
32.788
50.182
63.639
52.918
64.007
63.011
44.841
68.586
32.99
26.282
70.569
72.579
90.886
40.956
32.631
62.04
20.321
56.527
51.718
18.8
59.963
45.138
41.937
12.992
0.153
9.068
46.171
10.92
66.072
5.993
67.978
44.918
82.759
17.883
61.71
51.231
16.358
75.478
91.619
72.491
36.973
77.943
79.097
73.789
97.028
42.17
41.298
37.761
80.988
54.881
61.559
48.742
10.671
75.065
41.307
47.431
34.723
84.121
81.605
22.068
42.261
49.961
1.25
76.961
60.077
90.319
72.355
77.206
21.656
38.559
26.776
14.174
89.292
76.924
83.088
50.739
71.316
44.68
62.049
85.28
34.681
54.68
19.154
92.707
66.884
48.679
33.498
66.135
46.299
5.262
36.567
19.308
19.153
52.523
58.263
55.006
53.076
53.902
44.422
62.023
60.893
74.982
77.069
94.466
74.658
66.669
56.918
65.296
27.243
67.745
50.483
47.677
42.506
21.453
73.925
43.43
5.029
46.113
72.147
37.561
12.422
31.479
57.273
14.488
57.713
16.022
85.856
89.866
43.071
44.465
21.646
81.277
14.431
45.954
76.635
26.264
52.712
42.26
79.312
79.413
53.251
46.131
10.14
27.273
54.938
62.638
25.063
59.716
72.555
52.293
11.94
70.278
46.685
87.259
47.819
68.066
94.156
74.418
52.122
1.99
54.955
54.85
90.131
49.68
50.588
35.772
47.184
48.603
64.83
47.124
16.869
55.521
33.502
47.732
31.744
80.707
27.485
51.795
80.386
80.565
2.146
46.218
27.361
73.572
69.746
67.581
3.982
73.704
10.713
71.233
44.896
48.859
48.739
30.151
24.903
61.145
88.903
16.606
9.661
4.226
48.577
42.883
31.717
22.136
64.408
31.151
31.59
89.461
77.923
42.975
57.308
50.339
86.089
17.376
77.309
65.633
68.473
65.882
49.376
52.942
22.274
54.084
65.698
43.268
73.045
82.71
77.139
67.445
30.568
34.338
45.179
45.298
38.697
48.319
22.143
4.618
30.506
39.828
30.161
20.354
97.319
49.764
70.432
43.564
48.063
61.876
48.603
50.156
53.327
61.538
26.429
87.239
58.35
70.714
67.928
49.158
30.791
32.27
57.815
32.266
21.724
56.372
44.228
35.518
23.167
79.423
25.777
41.04
54.596
24.705
7.242
49.794
26.809
92.83
16.369
45.06
70.546
60.55
41.157
42.886
54.922
51.754
37.947
43.805
51.494
58.465
51.965
26.12
52.043
60.169
25.792
44.311
21.389
68.251
82
63.416
51.437
43.541
57.248
80.937
75.13
44.731
66.761
3.778
60.143
29.951
38.844
25.066
65.153
43.603
71.655
33.367
60.582
54.265
37.557
59.167
49.754
59.601
39.835
32.73
69.524
69.431
39.313
46.807
66.752
47.5
41.703
71.061
73.993
17.363
30.932
43.96
59.284
63.602
49.207
39.448
34.098
55.365
30.798
56.016
33.765
25.907
87.805
87.972
50.205
0.494
41.889
75.827
48.563
18.707
34.199
57.21
52.944
63.744
38.5
55.887
93.475
89.804
41.666
31.284
66.037
27.119
71.586
53.154
50.457
46.767
35.566
76.724
52.244
54.819
28.739
4.177
68.428
67.986
57.103
10.643
48.128
50.975
49.382
38.215
49.757
41.921
53.613
37.761
72.698
73.853
50.817
64.102
35.225
72.669
58.221
78.246
56.392
35.541
48.209
90.416
61.043
46.37
65.046
56.912
28.08
26.12
46.227
28.239
40.844
30.664
4.166
77.083
49.508
88.696
66.246
30.596
68.113
83.547
72.288
51.237
61.109
22.264
8.109
3.774
48.302
43.407
63.365
77.178
91.828
81.443
57.864
41.068
53.959
65.815
49.159
75.594
83.359
37.717
93.275
52.561
32.875
23.075
57.927
88.242
22.751
69.967
47.936
55.922
61.565
76.055
48.659
84.03
75.922
96.443
97.199
3.291
46.49
49.064
22.065
70.738
5.378
85.734
64.09
60.327
58.284
29.191
38.9
51.848
40.088
45.499
59.811
32.467
95.79
40.761
26.074
75.724
42.819
98.798
65.759
81.746
74.988
69.398
29.757
39.924
14.613
17.135
12.363
76.645
68.899
87.584
98.18
21.587
24.74
12.848
89.678
71.457
55.43
67.379
33.784
37.717
71.382
28.611
35.308
49.088
37.322
70.833
54.972
20.02
7.662
79.717
97.876
92.53
21.309
39.914
24.392
37.331
54.071
42.041
32.126
26.572
97.879
96.566
85.044
39.704
51.417
48.542
55.143
32.242
96.598
62.609
49.296
20.567
72.735
9.463
53.235
35.782
59.532
47.103
35.86
39.616
43.807
0.601
81.028
26.988
47.222
52.244
72.83
22.074
43.168
39.929
28.639
9.842
49.537
94.205
83.34
26.041
71.419
7.275
67.33
36.143
19.894
16.827
91.887
86.956
9.904
63.471
40.786
78.624
23.308
74.362
25.222
45.635
33.508
31.929
18.744
50.713
68.628
46.668
42.99
57.365
7.754
88.822
34.458
88.139
44.586
75.805
43.624
13.848
10.914
62.751
41.385
52.114
60.427
52.199
59.2
83.307
77.637
70.593
40.718
68.349
39.625
52.443
13.365
96.322
8.049
94.914
66.505
3.049
10.338
73.362
6.034
92.027
83.672
94.818
33.356
22.493
30.42
73.782
50.906
69.567
37.759
52.625
50.245
84.147
31.388
35.658
49.573
7.508
21.008
54.024
10.667
52.116
53.974
86.066
26.824
59.957
43.813
56.029
14.899
43.457
53.46
25.514
64.666
46.395
61.595
17.414
67.639
54.302
46.352
73.147
43.894
40.196
24.331
48.654
42.59
8.602
24.207
18.145
82.897
19.631
54.437
72.301
15.102
26.901
72.371
36.18
70.069
16.6
63.849
76.627
32.984
2.349
32.186
61.878
53.446
82.089
72.37
61.925
96.365
4.441
55.336
31.987
36.167
16.285
58.631
43.872
70.889
9.9
33.014
82.979
11.903
18.846
69.849
62.283
51.253
49.491
57.938
98.175
54.136
53.323
11.566
50.243
36.168
54.771
13.571
10.987
60.094
74.386
45.274
39.804
17.795
39.598
55.136
74.496
97.056
34.802
39.276
94.81
49.724
76.333
52.629
45.498
48.843
6.862
81.2
39.579
43.622
30.855
48.497
11.363
50.941
51.54
38.836
86.9
1.082
64.435
38.968
58.596
45.022
50.07
34.082
53.006
72.125
1.031
44.174
80.354
56.833
45.246
2.162
62.991
29.267
26.447
53.859
36.48
26.069
28.165
56.671
57.561
54.75
23.864
67.543
33.689
41.1
49.865
70.567
65.21
19.877
65.941
39.285
30.007
57.18
3.862
81.417
58.468
41.89
44.4
54.773
58.247
2.446
63.075
49.91
64.28
78.565
51.788
41.902
38.642
65.979
78.858
18.764
32.493
24.92
39.504
35.346
37.97
5.475
19.665
64.562
38.547
4.777
49.791
44.766
13.328
93.554
47.632
34.966
71.873
64.038
88.859
90.25
59.746
67.821
76.499
62.906
63.35
45.303
26.591
42.534
77.839
51.321
77.554
71.365
47.738
15.729
84.698
44.373
38.578
33.513
44.893
53.4
81.45
29.324
84.907
94.122
27.742
38.129
70.11
60.903
89.156
7.202
35.334
60.762
54.321
76.013
62.836
53.198
45.409
48.738
92.075
45.839
98.429
79.012
38.458
92.076
29.274
30.826
74.203
73.54
72.684
55.318
54.467
17.738
26.173
2.758
81.873
71.319
13.878
6.848
50.228
26.431
42.747
47.798
78.35
40.577
84.176
42.789
5.767
51.184
48.091
50.212
53.258
82.299
47.994
6.674
47.371
34.745
75.436
85.669
46.646
58.928
52.049
61.457
52.972
89.982
57.217
46.042
34.233
96.136
15.793
26.756
73.021
54.608
46.141
89.382
23.637
91.46
46.138
65.646
43.599
9.15
11.083
25.842
57.717
85.549
42.957
41.556
27.259
48.503
44.503
72.434
68.404
83.24
38.402
54.022
67.968
31.779
60.65
29.892
84.344
80.601
78.107
26.767
42.675
66.11
39.067
16.473
53.837
24.695
84.084
78.189
71.144
83.829
76.978
37.753
41.458
51.575
29.243
40.05
55.69
45.176
49.671
58.267
13.907
29.042
56.873
54.731
31.061
64.924
35.326
24.43
39.087
39.78
15.886
41.687
30.585
24.344
73.971
50.535
44.069
32.649
39.448
93.875
45.395
52.605
41.082
1.66
54.952
15.116
6.563
55.146
39.269
68.484
51.327
52.718
42.901
27.119
41.326
64.751
49.593
87.475
7.592
40.088
54.685
54.093
84.561
83.028
49.421
36.02
42.394
72.63
40.965
92.636
50.09
37.338
79.259
26.726
91.661
7.981
44.086
37.865
31.737
97.271
56.25
39.902
6.804
29.804
73.184
58.34
85.47
31.577
44.401
50.376
43.15
47.858
66.791
8.622
51.699
66.721
40.541
8.252
13.403
7.183
4.532
55.085
71.272
53.237
27.383
49.511
94.856
35.766
71.519
27.363
82.668
16.536
26.823
58.938
77.512
38.251
43.172
13.487
37.448
43.727
83.402
44.858
53.937
16.651
50.716
25.175
46.16
53.325
29.765
51.656
71.043
66.581
97.939
2.955
56.178
12.856
8.268
87.737
56.893
35.406
28.881
54.129
66.485
58.005
11.617
44.762
47.611
45.399
9.215
11.222
52.442
64.225
13.341
12.011
38.593
90.435
45.283
13.5
80.429
60.974
97.667
12.355
66.746
59.643
71.592
37.967
23.16
27.033
71.565
73.578
27.402
27.102
33.19
39.187
12.416
35.744
41.716
60.002
34.649
44.539
76.709
53.223
88.238
26.345
54.309
44.087
85.929
83.888
44.084
59.069
55.222
80.233
52.18
40.441
92.468
21.997
51.368
77.035
54.498
34.755
62.628
34.54
82.004
19.805
31.011
36.967
42.219
49.43
26.705
27.437
46.666
16.708
18.37
49.014
21.799
15.558
51.382
28.216
53.675
87.407
66.291
62.531
10.33
11.767
24.728
57.1
67.708
37.647
94.108
47.555
22.241
9.442
69.95
79.106
56.605
5.38
48.946
49.209
63.887
54.182
65.209
76.696
49.619
40.126
63.667
94.031
36.552
39.562
16.463
53.436
32.741
42.222
31.241
29.96
91.412
53.981
53.886
18.121
82.297
38.149
28.725
58.024
0.304
27.378
65.119
43.376
36.036
14.146
47.91
97.269
52.506
51.311
2.477
10.882
6.757
70.797
57.023
22.447
2.265
15.107
53.159
60.208
54.134
42.889
96.832
6.163
46.558
2.045
37.698
90.388
49.181
49.914
77.511
49.466
14.844
85.003
68.258
41.294
0.709
39.515
19.117
37.425
24.641
74.027
72.557
48.323
27.521
44.935
45.253
40.122
61.233
33.169
69.861
84.371
82.29
40.567
65.818
70.999
71.065
37.493
58.539
69.098
28.453
18.49
12.847
97.705
26.271
46.633
46.363
71.987
83.665
37.932
22.228
30.16
72.431
49.637
60.685
48.528
96.33
38.61
63.129
52.465
62.909
89.288
69.867
47.186
86.099
54.957
87.966
21.336
70.979
83.313
2.003
82.812
78.356
73.681
63.884
41.941
28.622
55.723
51.331
23.861
10.375
71.007
42.849
38.005
36.399
33.571
35.035
87.454
72.463
82.881
94.517
5.299
97.55
17.517
25.379
50.811
32.164
12.98
69.447
57.411
71.781
72.541
24.757
63.034
29.804
62.93
92.175
48.445
25.419
88.508
38.573
17.057
60.827
15.965
21.978
61.856
33.996
22.222
77.228
47.442
33.287
49.403
70.502
16.612
60.193
23.501
50.702
56.033
43.885
51.401
47.752
51.242
72.987
18.046
55.399
10.531
51.158
44.662
30.638
22.966
60.66
43.001
11.658
6.174
37.361
55.753
35.696
25.819
12.618
43.306
72.116
55.152
70
80.694
59.706
42.501
56.505
88.431
30.293
64.255
53.36
90.634
19.988
41.96
48.231
33.546
54.043
19.469
27.008
78.605
28.8
98.207
45.8
59.44
62.976
15.875
7.898
81.885
42.283
42.465
59.213
19.395
29.766
60.861
27.569
52.966
53.979
53.822
72.732
41.758
9.444
50.646
54.072
32.579
44.97
89.298
51.032
87.315
41.56
9.6
37.399
1.012
78.518
12.803
37.812
95.962
60.482
74.66
49.6
14.553
39.382
12.132
93.179
53.971
87.682
36.906
57.299
77.743
33.763
32.415
17.066
73.089
71.3
13.014
87.562
19.54
44.938
56.572
46.084
44.912
36.203
40.43
19.586
74.883
57.684
12.486
31.018
59.727
53.034
73.905
42.726
41.405
91.188
11.492
26.614
15.933
6.084
32.392
38.982
78.164
81.156
66.023
50.385
51.287
11.931
46.951
1.011
88.189
37.647
39.342
40.806
33.585
52.249
40.571
56.258
92.472
83.799
34.815
18.441
20.06
16.405
16.269
62.616
27.876
61.653
59.374
97.621
29.352
64.232
64.765
47.036
75.626
31.193
56.89
58.282
42.276
65.468
67.848
63.465
86.453
20.517
4.459
20.718
36.586
63.421
66.593
25.917
11.434
90.29
15.899
45.732
77.547
32.934
18.106
61.12
33.687
42.547
44.599
92.356
40.335
66.521
50.438
65.84
69.461
47.129
41.444
65.946
72.739
78.891
14.74
58.957
22.058
72.112
20.318
18.397
62.955
31.223
18.557
85.2
85.69
59.269
47.218
96.233
1.986
78.986
84.404
4.533
40.318
59.064
53.248
86.853
89.064
49.613
96.11
46.917
72.045
51.893
40.483
85.681
33.21
52.732
48.788
39.082
70.925
32.058
67.055
55.896
42.231
35.244
58.721
7.038
29.898
26.381
28.42
54.704
38.763
51.2
82.1
18.037
33.152
61.764
40.929
29.78
86.457
65.355
51.118
61.788
82.657
50.539
62.388
50.697
69.627
78.407
3.097
43.217
49.557
24.93
25.276
86.392
25.473
27.194
69.362
42.204
30.387
50.785
45.492
23.387
62.661
87.665
3.548
6.338
12.105
40.868
74.812
44.176
55.802
66.358
53.494
52.068
31.396
25.26
68.683
9.077
36.747
46.007
78.943
12.444
95.702
61.755
63.428
14.558
61.548
60.922
12.389
12.977
86.02
72.829
90.776
70.936
39.32
75.01
5.762
58.684
29.213
70.08
78.628
14.067
18.551
54.813
13.693
34.747
56.44
55.326
14.231
39.975
59.073
81.828
49.905
70.733
42.356
63.004
87.412
67.076
41.377
81.501
3.013
51.323
43.265
46.936
38.225
31.374
44.462
1.387
27.443
56.843
86.111
29.137
36.569
52.975
12.403
59.047
42.103
24.196
49.578
67.662
52.273
22.191
60.699
47.137
50.581
20.742
27.335
59.942
14.147
65.805
47.083
62.309
74.405
66.843
52.328
88.026
51.685
45.27
1.482
29.446
72.022
49.287
53.993
55.222
34.797
47.197
1.126
58.013
14.614
52.203
7.51
17.772
38.298
13.992
90.239
41.924
44.768
72.101
35.171
65.315
40.086
84.006
30.234
87.536
77.007
82.369
24.112
67.554
55.008
7.073
80.404
56.013
53.997
83.825
60.074
34.277
17.891
29.544
63.537
50.211
6.196
71.317
28.883
4.147
82.834
14.523
53.625
65.139
89.522
44.096
18.084
32.954
5.461
74.38
81.292
40.915
50.531
28.676
13.191
48.71
24.759
26.047
35.059
18.828
51.283
68.891
41.179
17.093
44.27
94.135
62.047
48.044
54.299
36.312
54.323
66.879
64.845
39.824
96.354
17.089
47.324
47.223
57.358
54.486
80.423
48.282
14.316
56.311
34.372
30.772
26.311
22.453
87.703
61.895
49.373
35.695
36.014
17.618
64.955
66.137
26.492
59.226
40.8
25.516
28.226
90.157
20.868
34.297
72.168
49.631
37.412
49.177
33.63
53.945
64.848
81.226
38.368
21.242
92.947
11.598
62.862
50.842
50.369
48.331
70.533
2.881
38.039
12.816
50.975
71.576
38.212
62.838
95.338
39.444
48.188
40.968
33.817
2.924
34.391
70.244
25.488
48.563
62.957
19.683
40.68
58.218
37.443
10.296
57.339
53.145
62.87
79.655
47.098
2.307
44.542
13.755
78.209
61.484
34.697
59.389
49.763
27.373
53.503
70.346
84.389
59.832
12.343
44.137
42.213
72.439
34.115
45.599
96.243
25.988
54.707
9.791
39.714
92.285
20.215
72.911
13.33
14.019
30.917
27.233
4.164
39.7
59.91
21.434
3.557
49.82
14.739
58.042
98.895
72.754
34.443
74.936
25.926
22.271
41.771
58.542
34.378
70.244
16.136
32.833
70.985
40.606
94.271
81.37
23.739
15.282
29.443
83.268
39.623
31.358
10.541
84.899
76.528
53.756
38.082
93.686
39.841
64.857
6.636
43.034
61.071
27.44
58.564
45.611
6.276
23.661
51.802
83.817
29.756
15.097
26.743
76.203
43.511
13.45
28.385
24.086
38.583
16.033
32.208
91.948
88.562
33.326
88.452
66.867
12.078
10.58
10.471
55.88
60.525
55.941
94.821
32.765
29.576
95.365
54.315
94.237
71.184
49.092
52.708
21.673
75.915
41.582
60.942
43.316
41.183
47.288
42.192
30.274
42.796
39.631
62.297
40.489
55.352
86.151
73.91
33.674
68.036
79.637
50.889
93.986
32.559
85.536
54.404
33.532
64.311
83.695
26.287
43.724
31.987
79.363
49.862
56.152
44.407
75.587
3.141
4.324
52.877
50.558
59.878
7.607
24.693
32.697
28.355
80.364
52.86
76.475
49.603
45.84
64.79
53.857
97.424
47.398
45.89
11.809
52.277
91.615
18.332
28.357
33.004
41.765
90.855
1.128
89.722
49.942
44.682
85.395
36.629
87.291
57.536
12.727
82.658
34.144
54.51
29.715
55.148
75.751
74.393
25.95
50.298
76.006
27.453
21.314
28.651
37.881
55.318
55.197
4.352
69.414
53.075
10.912
74.342
45.165
0.24
44.688
39.956
86.377
93.499
21.62
92.833
96.113
34.914
25.802
27.513
80.945
26.894
39.993
63.462
51.752
67.529
37.049
8.027
20.093
86.235
58.97
35.011
94.204
58.437
46.109
22.512
48.558
47.811
32.704
15.448
51.756
29.884
61.553
47.101
63.1
98.277
65.657
69.876
87.779
69.353
68.642
83.12
27.282
62.288
29.902
31.975
5.752
44.766
66.841
1.207
36.259
52.072
98.199
65.921
53.706
51.548
36.382
67.079
64.405
69.301
27.937
23.15
46.56
87.506
21.017
67.952
52.493
96.037
51.718
29.891
73.129
4.179
43.467
56.545
68.952
40.763
31.736
22.649
97.286
92.293
41.117
98.879
28.23
77.165
62.848
4.44
66.3
35.728
47.559
48.574
35.435
41.794
59.667
93.43
48.939
25.237
57.4
84.724
40.867
28.709
90.482
61.158
37.062
43.39
53.621
78.73
63.926
41.033
51.401
5.507
44.281
30.069
95.898
38.873
37.156
78.596
75.618
55.457
31.335
74.542
30.663
60.212
33.599
64.779
56.117
38.145
50.079
56.756
83.254
46.466
64.606
93.296
63.909
11.529
73.696
78.943
42.424
88.766
60.186
14.397
30.588
87.76
5.716
67.887
31.607
5.102
66.447
20.138
42.977
15.1
60.048
73.212
32.105
1.303
98.976
33.179
19.205
11.941
22.205
79.825
64.148
43.568
53.482
93.36
55.448
42.301
88.533
14.061
37.802
4.796
36.614
40.68
2.327
58.789
90.505
51.778
78.225
57.802
52.254
39.036
49.166
74.46
1.402
45.888
69.385
89.867
24.438
41.776
44.518
0.525
10.068
98.776
66.294
53.772
95.006
44.444
46.071
28.713
51.017
46.198
97.06
23.949
77.769
34.347
72.722
21.53
2.443
70.281
46.686
65.44
12.051
50.492
48.905
54.564
85.461
70.458
94.804
21.389
70.266
3.137
35.344
32.357
62.644
48.415
63.285
45.954
52.353
43.321
50.378
47.424
59.549
78.017
65.039
59.32
77.015
28.508
2.739
31.888
29.317
15.059
41.976
46.023
70.596
1.12
98.373
81.108
29.177
55.292
56.633
41.989
8.889
76.841
12.41
79.282
55.651
97.467
61.014
40.395
19.661
35.259
39.96
76.079
81.989
73.757
90.581
96.16
88.382
58.635
57.278
21.303
62.036
55.066
47.931
8.964
61.44
53.315
47.639
45.116
44.58
41.455
62.039
32.868
52.837
49.172
41.062
48.519
77.188
38.468
47.051
64.698
2.078
2.5
2.578
29.614
78.821
48.901
48.018
62.648
53.571
38.948
90.415
50.6
11.523
9.604
40.903
71.984
31.596
16.021
35.873
45.684
12.03
63.806
18.155
40.636
77.358
35.497
53.206
18.696
53.6
78.721
72.625
14.247
59.639
46.074
95.301
15.819
65.211
73.073
95.281
47.767
58.345
24.6
74.674
17.595
32.766
13.755
57.362
51.882
36.149
79.104
23.34
43.666
50.347
54.974
38.666
3.211
53.515
47.86
24.267
71.045
31.932
57.146
1.042
74.551
87.15
0.981
48.776
51.368
55.891
7.687
30.536
48.619
1.446
93.541
46.078
70.937
3.896
54.777
46.728
17.518
79.515
79.674
10.019
47.166
63.438
87.688
34.204
60.699
31.034
37.106
72.656
24.254
74.23
24.907
61.788
81.194
13.849
57.226
45.812
24.001
30.408
43.128
51.577
19.989
76.531
3.924
49.84
9.391
37.615
36.679
47.164
55.871
48.444
32.113
51.858
11.026
20.339
58.211
30.763
42.883
53.585
56.953
40.785
57.906
50.07
3.433
60.669
70.48
41.403
43.526
48.084
54.681
48.413
25.39
49.2
85.255
81.567
12.633
92.561
56.327
95.443
51.994
31.109
23.296
54.09
44.731
77.773
71.904
78.462
40.797
77.949
56.32
85.953
46.638
83.868
78.364
16.699
18.352
92.658
0.168
42.909
96.167
46.596
40.048
67.083
48.779
43.171
15.351
22.165
94.684
50.926
57.92
44.199
36.918
43.1
66.483
38.626
65.019
92.367
31.302
50.356
34.754
84.791
34.211
79.949
57.834
62.569
31.358
43.596
33.801
46.166
45.049
33.715
83.037
92.075
37.289
16.144
42.451
56.629
21.741
66.595
51.555
37.626
36.46
45.111
31.21
40.816
32.532
46.37
30.435
2.337
57.828
61.713
59.242
30.533
47.027
34.587
85.883
48.123
49.594
64.819
9.813
75.491
64.914
94.274
96.198
17.784
81.235
53.994
96.349
63.968
20.337
11.01
47.437
53.921
73.278
25.577
2.05
23.688
8.793
61.996
60.376
47.605
28.148
10.944
38.5
94.705
48.349
92.876
57.121
48.97
27.253
40.076
4.626
53.508
65.265
68.66
36.974
47.463
13.088
63.756
52.154
29.299
53.639
46.536
50.807
64.639
19.166
26.613
49.409
36.57
50.554
27.915
51.516
57.067
45.462
45.113
67.148
58.272
39.381
13.585
72.806
63.112
45.999
64.464
45.856
54.049
47.548
92.264
46.875
52.923
65.513
43.238
38.938
84.404
59.557
24.633
35.262
60.137
50.012
53.956
94.305
95.113
62.976
44.52
6.052
22.913
59.82
69.472
6.408
46.625
22.851
52.66
39.023
37.522
40.195
90.411
45.622
23.417
83.787
71.183
83.755
40.065
36.482
14.539
72.411
58.625
93.673
0.799
27.238
45.147
49.039
86.289
65.698
69.523
50.351
74.689
80.129
30.288
42.818
35.569
13.58
47.28
43
27.55
81.911
26.678
15.033
38.22
57.734
43.262
47.02
70.772
59.837
48.306
61.386
33.231
57.439
63.282
94.612
37.75
32.092
29.798
2.79
45.942
16.658
54.661
65.005
26.598
40.14
37.529
42.282
88.862
38.008
28.218
47.477
61.836
28.052
3.584
11.009
84.373
48.379
27.403
41.268
52.525
25.662
62.442
0.47
53.687
65.713
52.696
5.295
58.95
46.885
90.1
54.006
79.744
63.546
36.094
35.627
85.797
70.587
67.332
53.518
78.398
37.967
12.896
43.47
51.843
12.694
51.441
51.183
84.053
14.567
90.477
72.434
80.936
30.625
17.643
76.34
60.123
87.319
83.703
38.284
32.892
26.626
80.149
71.516
57.843
76.692
45.826
10.718
97.418
1.151
51.08
37.085
33.945
77.014
48.9
47
47.346
65.998
71.657
20.02
31.522
20.532
55.394
29.698
59.005
95.513
17.693
79.898
58.191
84.398
16.584
11.155
79.229
65.579
71.214
95.992
56.133
12.767
93.898
48.149
66.02
93.077
60.952
80.01
1.244
36.649
76.784
81.137
43.633
55.942
30.62
95.033
83.635
78.312
16.662
88.886
71.224
96.293
74.634
59.257
88.545
52.468
48.899
83.293
53.049
46.113
51.424
51.249
18.727
54.994
51.773
53.742
84.848
51.524
39.516
31.078
81.353
11.367
76.047
91.417
98.723
83.207
5.862
45.022
40.643
14.354
46.884
58.414
44.818
70.673
49.195
67.68
41.029
71.181
59.762
35.632
56.807
54.694
33.862
72.246
54.734
91.788
3.025
12.778
64.03
58.018
31.92
13.433
27.326
91.62
37.164
10.696
42.902
64.945
41.606
86.018
27.43
62.397
48.896
97.895
69.652
73.548
32.601
67.791
83.694
60.901
27.643
48.761
28.061
45.644
10.341
45.455
57.727
15.808
25.632
62.325
70.844
32.956
97.262
52.374
21.024
1.806
76.266
71.081
96.289
4.273
65.653
17.184
38.911
52.647
12.114
73.634
82.334
41.915
24.552
52.171
54.439
51.748
9.733
64.414
48.424
91.712
76.48
63.109
